22
1.000000000000 -19.000000000000 -11.000000000000 -11.000000000000 4.000000000000 -22.000000000000 -17.000000000000 -24.000000000000 21.000000000000 -19.000000000000 -6.000000000000 5.000000000000 -6.000000000000 13.000000000000 -23.000000000000 -12.000000000000 -4.000000000000 -20.000000000000 -23.000000000000 9.000000000000 -6.000000000000 17.000000000000 16.000000000000 
99
0.593429940713
0.225227605580
0.579197987896
0.307213218050
0.841244347603
0.950462642248
0.687536006082
0.759356234840
0.979374521494
0.074155636334
0.645270680819
0.758430500029
0.376163373402
0.078139753347
0.193069923970
0.083669745172
0.268961392366
0.932018286045
0.508605437164
0.407057153788
0.104283760966
0.605235386472
0.128473470818
0.278752721724
0.526744886279
0.584271815885
0.673590357814
0.026194989485
0.118202683087
0.105973395682
0.229175912826
0.490896141335
0.063051276352
0.173883340917
0.270747052516
0.335624108788
0.708368142854
0.336013085242
0.760222742439
0.098191823448
0.968824257244
0.224095638465
0.767215502622
0.805760989668
0.041157502685
0.339330957256
0.013453913594
0.240983124482
0.957962273248
0.315803349450
0.855398562659
0.158755822577
0.535709171190
0.004571799434
0.720543360975
0.917428088773
0.624451354841
0.618953246258
0.824426702759
0.631744178657
0.435764439282
0.605124371056
0.806899089770
0.118476361731
0.972232882608
0.745348016716
0.392608540582
0.096108027815
0.066958644733
0.272716939204
0.360747904114
0.055674794199
0.736461887899
0.524584411979
0.277435528872
0.667192851740
0.824139814666
0.862690801231
0.339661121749
0.446988583925
0.539860739523
0.170456484634
0.425767049955
0.326149072013
0.271183793038
0.823579300619
0.430397921900
0.854532011741
0.377045602583
0.034075251136
0.749065086236
0.823057215494
0.112373282982
0.018699156854
0.560649790273
0.667878032830
0.392024965222
0.458604065732
0.336096078822
