9
1.000000000000 -5.000000000000 -12.000000000000 -11.000000000000 0.000000000000 -14.000000000000 -20.000000000000 -7.000000000000 -15.000000000000 -7.000000000000 
99
0.619222825396
0.323647309574
0.309566211509
0.980735699334
0.487070589541
0.601774818078
0.550472016395
0.693992217908
0.603141978506
0.031882088674
0.789555363245
0.112353268376
0.167310912250
0.080268922473
0.264581503556
0.234530893468
0.144438231131
0.473425936859
0.776129669020
0.672982578864
0.998220823052
0.358358882681
0.371734492143
0.521635085867
0.644059172967
0.767337973837
0.670179587509
0.784136464095
0.525640033234
0.464848192824
0.006251914984
0.311515806845
0.163593493818
0.656366620952
0.838201056093
0.696803913239
0.642132884325
0.784439442164
0.492410255520
0.314424096416
0.653721963274
0.616818008611
0.268521340794
0.118588372908
0.744280689995
0.912747853121
0.268084384959
0.978877270605
0.067117859967
0.336756244550
0.641494597868
0.257547406176
0.743561939859
0.819891367317
0.202254170573
0.959655439782
0.743288810432
0.452185219952
0.603678197275
0.251851744541
0.289656427343
0.545875463129
0.256588925544
0.365139879636
0.118218955832
0.509681996550
0.980464267485
0.461690121928
0.958214662300
0.454041884428
0.227269275270
0.683614628312
0.871021482284
0.708575738985
0.384889395242
0.815741710719
0.635415827529
0.882513410367
0.925192730040
0.214119357695
0.765630397880
0.939721250057
0.997402302490
0.322982200541
0.735677122072
0.155211248608
0.240321320885
0.524515383161
0.131389073821
0.641954147688
0.772456586170
0.547880941060
0.427056593197
0.794358262937
0.211521518070
0.558975581628
0.070438228039
0.776930137076
0.176902579015
