0.816717677527
-3.364513212739
2.856374501007
0.092684424162
4.056782091877
2.221970080772
87.026594483647
1.381787265228
-4.880599134456
-5.238284074809
-1.498892103831
-1.560897746807
-2.887082535797
2.839668537567
2.957308937294
2.582893101606
1.147018958571
2.753067674796
-3.735795685040
-3.661938600275
3.018303335680
-5.291136781301
1.227922305449
-4.243739121705
2.880502984974
-2.263117372725
2.879007182618
2.584214022397
3.040540900177
1.480175033926
-5.567700177852
3.038071937374
-5.855966944946
2.622604954644
12.365404984120
-2.200464980114
61.473877732342
3.031422060114
-5.204726913231
3.063320927537
-5.215018523485
0.233412413374
0.342073432273
45.671903336509
-5.795014334816
