-26.913105177498
-13.437245772702
-13.049550649560
-83.962818105434
-19.304908788438
-25.696938875922
-22.527146823042
-33.104611606249
-25.789506349114
-7.486009222191
-44.088248586260
-8.804282922354
-9.810543528340
-8.260063548111
-11.902761154759
-11.205702680416
-9.379086753347
-18.695047094485
-42.285290202956
-31.186988998090
-89.422110383023
-14.459302529770
-14.880519136412
-20.976853415877
-28.782571550163
-41.155681559153
-30.942451793806
-43.348917660833
-21.183246693589
-18.325076479345
-7.094057238544
-13.102359557342
-9.739085184305
-29.774157283179
-51.497141973982
-33.373037522257
-28.631415310706
-43.389834573941
-19.550985218776
-13.181649579849
-29.557252156635
-26.740907132222
-11.998018304328
-8.913426229014
-38.372789527148
-66.111279948101
-11.987407320680
-83.405383133368
-8.044633796948
-13.811729363105
-28.581564887946
-11.734992160683
-38.290025364289
-48.536889193391
-10.509990629443
-77.883717946074
-38.258635448601
-17.796949962134
-25.825936306265
-11.601257985811
-12.525534616141
-22.269753528586
-11.712356229466
-14.670834669500
-8.906926869262
-20.376993757121
-83.881135464446
-18.191383389002
-77.487213745714
-17.873074111624
-11.044649160661
-32.138360916386
-57.386822442664
-34.528708693101
-15.310903567914
-47.895876692836
-28.112624473900
-59.642712086133
-69.016330353694
-10.759811293701
-40.940805446952
-72.601605019874
-89.157669340161
-13.418600240965
-37.397185871107
-9.579891296364
-11.336117622552
-21.125008505398
-9.141278687278
-28.617444101642
-41.808559962334
-22.381556881162
-16.808733744395
-44.757035220827
-10.704544168205
-23.014155817408
-8.098639962276
-42.390108506167
-9.997439654115
