6.328952596783
3.509562414536
0.294487665952
0.771940883836
0.976121385167
1.053324731727
15.349504366891
29.832006655834
2.950534678400
1.365296740381
1.655487183087
0.301777261295
0.471330238984
0.589693615384
9.215952727665
2.234427343464
1.214230967125
0.306743979759
1.180920033551
0.891618332574
0.489204501536
6.742174332259
2.656055322758
0.882816935538
0.632893688468
2.046707494224
20.103679849481
0.296224906226
15.452787105979
0.887209049165
0.408165626888
0.652663283278
0.410135668169
2.258624902701
2.741686244354
0.297048249692
16.506585467671
0.907008507291
2.430382221653
0.641503145048
2.752438194888
3.784161500932
2.228298157049
1.397639075988
6.502729549077
0.477086621030
16.723092120412
1.554439841705
2.424655157588
10.933213881356
0.826701013059
3.369802330067
0.703552164306
11.766041726000
1.779258896474
0.432576465950
18.261067414181
1.952536897247
0.301629659043
0.392440660312
0.308827819515
0.776279271370
0.613717943915
1.472890999377
2.441660848171
3.923385271799
