12
2.197362202058 -0.200000000000 0.200000000000 -0.050000000000 0.200000000000 -0.150000000000 0.150000000000 0.100000000000 0.100000000000 0.150000000000 -0.200000000000 -0.200000000000 
-0.200000000000 -4.323428397627 0.200000000000 -0.200000000000 -0.050000000000 0.100000000000 -0.100000000000 0.000000000000 -0.100000000000 -0.200000000000 -0.150000000000 -0.050000000000 
-0.050000000000 -0.200000000000 -4.334488460245 0.000000000000 0.100000000000 -0.200000000000 0.100000000000 0.100000000000 0.050000000000 0.200000000000 -0.100000000000 -0.050000000000 
-0.150000000000 -0.050000000000 0.100000000000 0.285298971077 0.250000000000 0.100000000000 0.200000000000 0.200000000000 -0.100000000000 0.250000000000 -0.050000000000 0.200000000000 
0.000000000000 -0.050000000000 0.250000000000 0.150000000000 -0.777651008292 -0.100000000000 0.200000000000 -0.200000000000 -0.050000000000 -0.100000000000 0.250000000000 -0.100000000000 
0.100000000000 -0.150000000000 -0.050000000000 0.250000000000 -0.100000000000 -2.735430509192 0.250000000000 -0.150000000000 -0.100000000000 0.000000000000 -0.200000000000 0.200000000000 
-0.150000000000 0.250000000000 0.150000000000 -0.200000000000 0.250000000000 0.250000000000 -2.683754843634 -0.200000000000 0.100000000000 0.000000000000 -0.200000000000 0.250000000000 
0.000000000000 -0.100000000000 0.200000000000 -0.100000000000 0.000000000000 -0.150000000000 0.050000000000 4.293048600820 0.200000000000 -0.100000000000 0.050000000000 0.200000000000 
0.250000000000 0.250000000000 0.250000000000 0.250000000000 0.000000000000 -0.050000000000 -0.200000000000 -0.050000000000 -5.505039285636 0.200000000000 0.100000000000 -0.100000000000 
0.150000000000 0.250000000000 -0.100000000000 0.150000000000 0.100000000000 -0.100000000000 0.000000000000 -0.150000000000 -0.100000000000 2.504756453415 0.100000000000 -0.200000000000 
0.050000000000 0.000000000000 0.050000000000 0.050000000000 -0.150000000000 0.000000000000 0.250000000000 -0.150000000000 -0.150000000000 -0.150000000000 -2.837602829308 0.200000000000 
-0.100000000000 -0.200000000000 0.000000000000 0.000000000000 -0.200000000000 -0.100000000000 0.100000000000 0.000000000000 0.000000000000 -0.150000000000 -0.100000000000 -1.057166115272 
