13
5.760344350573 0.150000000000 -0.150000000000 0.100000000000 -0.100000000000 -0.200000000000 0.050000000000 0.100000000000 0.150000000000 0.000000000000 -0.150000000000 0.200000000000 -0.200000000000 
0.150000000000 4.305295031304 0.150000000000 0.250000000000 0.250000000000 0.100000000000 0.000000000000 0.200000000000 0.000000000000 0.200000000000 0.250000000000 -0.050000000000 -0.200000000000 
-0.100000000000 0.250000000000 -5.300897923728 0.200000000000 -0.200000000000 0.200000000000 0.250000000000 -0.200000000000 -0.050000000000 -0.200000000000 -0.100000000000 0.050000000000 -0.100000000000 
-0.200000000000 0.200000000000 0.150000000000 -3.859379898560 -0.200000000000 -0.200000000000 0.250000000000 0.100000000000 -0.100000000000 0.200000000000 -0.150000000000 -0.200000000000 0.100000000000 
-0.200000000000 -0.100000000000 -0.200000000000 -0.150000000000 -0.133883783747 0.000000000000 -0.050000000000 -0.100000000000 -0.200000000000 -0.050000000000 -0.050000000000 -0.100000000000 -0.150000000000 
0.050000000000 0.200000000000 0.250000000000 -0.150000000000 0.100000000000 -6.152443551526 -0.200000000000 0.250000000000 0.150000000000 0.050000000000 0.000000000000 -0.100000000000 -0.050000000000 
0.050000000000 -0.150000000000 0.150000000000 -0.050000000000 0.100000000000 -0.050000000000 -3.117724526564 -0.100000000000 -0.150000000000 -0.200000000000 0.100000000000 -0.150000000000 0.100000000000 
0.050000000000 -0.050000000000 0.000000000000 0.000000000000 0.150000000000 -0.100000000000 -0.050000000000 -3.037138205500 -0.200000000000 0.050000000000 -0.050000000000 -0.100000000000 0.050000000000 
-0.100000000000 0.150000000000 0.150000000000 0.200000000000 0.150000000000 0.050000000000 0.050000000000 0.150000000000 -5.230999696438 0.200000000000 -0.100000000000 -0.150000000000 -0.050000000000 
0.000000000000 -0.150000000000 0.050000000000 -0.150000000000 -0.150000000000 0.150000000000 0.200000000000 -0.200000000000 -0.100000000000 2.731982459377 -0.200000000000 0.200000000000 -0.100000000000 
0.250000000000 0.150000000000 -0.150000000000 -0.150000000000 0.150000000000 -0.100000000000 -0.150000000000 0.200000000000 -0.100000000000 -0.100000000000 0.420678625347 0.000000000000 0.000000000000 
-0.150000000000 -0.050000000000 0.200000000000 0.250000000000 0.000000000000 -0.050000000000 -0.100000000000 0.050000000000 0.100000000000 -0.050000000000 -0.200000000000 3.374471034008 0.150000000000 
-0.100000000000 -0.150000000000 0.150000000000 0.150000000000 0.150000000000 -0.100000000000 0.000000000000 -0.150000000000 -0.200000000000 -0.100000000000 0.200000000000 0.150000000000 -2.574022557894 
