10
-3.176494901572 0.100000000000 0.000000000000 0.050000000000 -0.100000000000 -0.050000000000 -0.050000000000 0.050000000000 -0.200000000000 -0.100000000000 
-0.100000000000 -0.209648762560 -0.050000000000 -0.150000000000 -0.050000000000 0.250000000000 -0.100000000000 0.050000000000 -0.100000000000 0.150000000000 
0.200000000000 -0.100000000000 3.522106410709 0.000000000000 0.250000000000 -0.200000000000 0.100000000000 0.150000000000 0.200000000000 0.100000000000 
0.000000000000 0.000000000000 -0.100000000000 2.316580515789 0.200000000000 -0.150000000000 0.050000000000 0.100000000000 0.050000000000 0.250000000000 
0.150000000000 -0.150000000000 0.150000000000 -0.100000000000 0.371771049448 0.150000000000 0.200000000000 0.150000000000 0.250000000000 0.150000000000 
0.000000000000 -0.050000000000 0.250000000000 -0.100000000000 -0.100000000000 2.236201960631 -0.050000000000 0.150000000000 -0.200000000000 0.050000000000 
0.100000000000 0.100000000000 0.200000000000 0.100000000000 -0.100000000000 0.200000000000 2.598218864429 0.000000000000 0.000000000000 0.000000000000 
-0.100000000000 -0.100000000000 0.050000000000 -0.150000000000 -0.050000000000 -0.200000000000 0.100000000000 -0.123734502418 -0.100000000000 -0.100000000000 
0.000000000000 -0.100000000000 0.150000000000 0.000000000000 -0.050000000000 0.050000000000 0.250000000000 0.100000000000 -3.705978905928 -0.200000000000 
0.000000000000 -0.150000000000 -0.150000000000 -0.050000000000 0.000000000000 -0.150000000000 -0.100000000000 0.150000000000 -0.100000000000 1.436862667540 
