11
0.454622997718 0.050000000000 0.250000000000 0.150000000000 0.100000000000 -0.050000000000 0.000000000000 -0.100000000000 -0.150000000000 -0.050000000000 -0.200000000000 
-0.150000000000 0.277858812858 -0.050000000000 0.100000000000 0.150000000000 0.250000000000 -0.100000000000 -0.150000000000 0.150000000000 0.250000000000 -0.200000000000 
-0.100000000000 0.100000000000 0.651296875005 0.100000000000 0.100000000000 0.150000000000 0.050000000000 -0.050000000000 0.050000000000 0.100000000000 -0.150000000000 
-0.050000000000 0.000000000000 0.250000000000 5.334363959559 0.250000000000 0.250000000000 0.000000000000 0.100000000000 0.100000000000 -0.200000000000 0.100000000000 
-0.050000000000 0.000000000000 -0.200000000000 0.200000000000 -0.314310383791 0.050000000000 -0.100000000000 0.000000000000 -0.100000000000 0.000000000000 0.000000000000 
-0.050000000000 0.100000000000 0.200000000000 -0.100000000000 -0.050000000000 -1.715814357785 -0.200000000000 0.150000000000 -0.200000000000 -0.200000000000 -0.050000000000 
-0.050000000000 -0.150000000000 0.050000000000 0.250000000000 0.100000000000 0.250000000000 0.327133080204 0.100000000000 0.150000000000 0.150000000000 0.000000000000 
-0.050000000000 -0.200000000000 0.100000000000 -0.100000000000 0.250000000000 0.150000000000 -0.200000000000 3.466838513864 0.200000000000 0.150000000000 0.000000000000 
0.000000000000 -0.100000000000 -0.150000000000 -0.100000000000 -0.150000000000 0.150000000000 -0.100000000000 -0.150000000000 -3.518288676440 -0.200000000000 0.050000000000 
-0.150000000000 -0.200000000000 0.250000000000 -0.200000000000 -0.100000000000 0.050000000000 -0.050000000000 -0.050000000000 -0.200000000000 4.109941979139 0.050000000000 
0.100000000000 0.050000000000 0.000000000000 -0.150000000000 -0.150000000000 -0.200000000000 0.100000000000 -0.150000000000 -0.200000000000 -0.150000000000 -4.460570040177 
