13
2.125627821871 0.000000000000 -0.200000000000 0.150000000000 0.150000000000 0.200000000000 0.150000000000 0.100000000000 -0.050000000000 0.150000000000 0.050000000000 0.000000000000 0.000000000000 
0.000000000000 1.640238537400 0.000000000000 -0.150000000000 0.250000000000 -0.050000000000 0.050000000000 -0.050000000000 -0.050000000000 0.150000000000 -0.050000000000 -0.050000000000 0.100000000000 
0.000000000000 -0.150000000000 -1.938189746924 0.250000000000 0.150000000000 0.150000000000 -0.100000000000 0.250000000000 0.250000000000 0.250000000000 -0.100000000000 0.250000000000 0.250000000000 
0.200000000000 -0.150000000000 0.050000000000 3.125080402914 0.000000000000 0.200000000000 0.200000000000 -0.100000000000 0.200000000000 0.150000000000 -0.150000000000 0.150000000000 0.200000000000 
0.100000000000 -0.200000000000 0.050000000000 -0.200000000000 3.730862221198 -0.050000000000 -0.050000000000 0.000000000000 0.250000000000 -0.100000000000 0.000000000000 0.250000000000 0.150000000000 
0.250000000000 0.250000000000 0.200000000000 0.000000000000 -0.050000000000 -2.519727232773 0.150000000000 0.100000000000 0.100000000000 0.100000000000 -0.200000000000 0.150000000000 0.250000000000 
0.250000000000 -0.150000000000 0.050000000000 0.150000000000 0.150000000000 -0.100000000000 -3.986654507509 -0.200000000000 -0.150000000000 -0.200000000000 -0.050000000000 0.000000000000 0.000000000000 
0.100000000000 0.050000000000 -0.200000000000 -0.200000000000 0.000000000000 0.200000000000 0.250000000000 3.934032654441 0.150000000000 -0.100000000000 -0.050000000000 0.050000000000 -0.050000000000 
-0.150000000000 0.250000000000 0.250000000000 0.250000000000 0.250000000000 0.200000000000 0.050000000000 -0.050000000000 -3.123262274943 -0.200000000000 0.000000000000 0.100000000000 0.200000000000 
-0.150000000000 -0.100000000000 0.200000000000 0.200000000000 -0.050000000000 -0.150000000000 0.150000000000 0.000000000000 0.000000000000 -5.670492566818 0.250000000000 -0.100000000000 -0.050000000000 
0.000000000000 -0.200000000000 0.050000000000 0.050000000000 -0.200000000000 -0.100000000000 0.100000000000 0.250000000000 0.050000000000 0.250000000000 -5.401540785879 0.150000000000 -0.100000000000 
0.150000000000 -0.150000000000 0.150000000000 0.050000000000 -0.050000000000 0.250000000000 0.000000000000 0.200000000000 -0.100000000000 -0.150000000000 -0.050000000000 -0.029432359732 -0.200000000000 
-0.100000000000 0.050000000000 0.200000000000 -0.200000000000 -0.150000000000 -0.200000000000 0.200000000000 -0.200000000000 -0.050000000000 0.250000000000 0.250000000000 0.100000000000 -3.155066518698 
