13
2.891008267884 0.000000000000 0.200000000000 -0.200000000000 -0.150000000000 0.150000000000 0.200000000000 -0.050000000000 0.200000000000 0.000000000000 -0.100000000000 -0.050000000000 -0.150000000000 
-0.050000000000 -3.791196042227 -0.050000000000 0.100000000000 -0.050000000000 -0.100000000000 0.250000000000 0.250000000000 0.000000000000 0.200000000000 0.250000000000 0.250000000000 -0.200000000000 
-0.050000000000 -0.150000000000 3.225095792392 0.100000000000 -0.050000000000 0.100000000000 0.150000000000 0.200000000000 0.150000000000 -0.200000000000 0.250000000000 0.100000000000 0.200000000000 
0.050000000000 0.100000000000 0.000000000000 2.156703928952 0.150000000000 0.150000000000 0.000000000000 0.150000000000 -0.100000000000 0.200000000000 0.050000000000 -0.100000000000 -0.050000000000 
0.050000000000 0.250000000000 0.150000000000 -0.150000000000 -0.648560611246 -0.100000000000 0.150000000000 -0.150000000000 -0.100000000000 0.100000000000 0.250000000000 0.000000000000 0.050000000000 
-0.050000000000 0.200000000000 0.150000000000 -0.100000000000 0.250000000000 -3.501410679483 -0.050000000000 0.200000000000 0.050000000000 -0.050000000000 -0.150000000000 0.050000000000 -0.100000000000 
0.050000000000 -0.100000000000 0.250000000000 0.050000000000 0.150000000000 -0.200000000000 -0.509158237168 0.050000000000 0.000000000000 0.200000000000 0.200000000000 0.150000000000 0.000000000000 
-0.150000000000 -0.100000000000 -0.100000000000 0.100000000000 0.250000000000 -0.200000000000 -0.200000000000 -6.108221037066 0.100000000000 0.250000000000 0.150000000000 0.200000000000 0.000000000000 
-0.150000000000 0.200000000000 -0.100000000000 0.200000000000 -0.150000000000 -0.100000000000 -0.150000000000 0.000000000000 0.618363866040 0.000000000000 0.200000000000 0.100000000000 0.150000000000 
0.100000000000 0.200000000000 -0.100000000000 -0.150000000000 0.150000000000 0.050000000000 0.150000000000 -0.200000000000 -0.150000000000 -5.369073649765 -0.200000000000 -0.050000000000 0.000000000000 
-0.150000000000 0.050000000000 -0.150000000000 -0.150000000000 -0.100000000000 0.200000000000 0.250000000000 -0.150000000000 -0.050000000000 0.150000000000 -6.485735085328 0.200000000000 0.250000000000 
0.000000000000 -0.200000000000 -0.200000000000 0.100000000000 -0.200000000000 0.250000000000 -0.150000000000 0.050000000000 0.150000000000 0.250000000000 0.050000000000 5.980736371615 0.250000000000 
-0.200000000000 0.200000000000 0.250000000000 -0.200000000000 0.150000000000 0.250000000000 0.050000000000 0.200000000000 0.150000000000 -0.050000000000 0.050000000000 0.100000000000 -2.712709358089 
