13
-6.811886088420 0.100000000000 0.250000000000 0.000000000000 0.000000000000 -0.150000000000 0.200000000000 -0.150000000000 0.200000000000 0.200000000000 -0.200000000000 0.200000000000 0.050000000000 
0.100000000000 3.918554409277 -0.150000000000 -0.150000000000 0.050000000000 0.200000000000 0.200000000000 -0.050000000000 0.100000000000 0.150000000000 0.050000000000 -0.050000000000 0.200000000000 
0.150000000000 -0.200000000000 -0.361053624532 -0.150000000000 0.250000000000 -0.150000000000 0.050000000000 0.000000000000 -0.150000000000 -0.200000000000 -0.150000000000 -0.100000000000 0.150000000000 
-0.150000000000 -0.100000000000 -0.100000000000 -1.814446478083 -0.150000000000 0.200000000000 -0.150000000000 0.250000000000 -0.100000000000 -0.150000000000 0.200000000000 0.200000000000 -0.150000000000 
0.200000000000 -0.050000000000 -0.150000000000 0.250000000000 2.648757122858 0.150000000000 0.250000000000 0.100000000000 -0.200000000000 -0.200000000000 0.050000000000 0.000000000000 -0.100000000000 
0.100000000000 0.250000000000 0.050000000000 0.000000000000 0.250000000000 4.632440459482 0.100000000000 0.050000000000 -0.200000000000 0.150000000000 0.200000000000 -0.200000000000 0.100000000000 
-0.050000000000 -0.150000000000 -0.150000000000 0.150000000000 -0.150000000000 -0.050000000000 4.904832428397 -0.100000000000 -0.100000000000 0.000000000000 -0.150000000000 -0.100000000000 0.250000000000 
-0.200000000000 -0.100000000000 0.000000000000 -0.200000000000 0.250000000000 -0.100000000000 -0.050000000000 1.436977615159 -0.150000000000 -0.100000000000 0.150000000000 0.100000000000 -0.150000000000 
-0.050000000000 -0.150000000000 -0.200000000000 -0.200000000000 -0.100000000000 0.000000000000 -0.050000000000 0.150000000000 4.044127763628 -0.150000000000 -0.150000000000 0.000000000000 0.050000000000 
-0.100000000000 0.250000000000 0.150000000000 0.100000000000 -0.050000000000 0.250000000000 0.200000000000 -0.100000000000 0.100000000000 -6.571790627670 -0.050000000000 -0.100000000000 0.250000000000 
0.150000000000 -0.050000000000 0.150000000000 -0.200000000000 0.200000000000 0.100000000000 -0.150000000000 -0.150000000000 -0.150000000000 0.200000000000 2.482871061430 -0.100000000000 0.000000000000 
0.050000000000 0.050000000000 0.200000000000 -0.150000000000 0.200000000000 0.200000000000 -0.100000000000 -0.150000000000 0.050000000000 0.000000000000 -0.150000000000 -2.835942394490 0.250000000000 
-0.050000000000 -0.150000000000 0.150000000000 -0.100000000000 -0.150000000000 0.200000000000 0.050000000000 0.150000000000 -0.100000000000 0.100000000000 -0.200000000000 0.050000000000 -6.078830112071 
