13
0.560693366232 -0.150000000000 0.100000000000 -0.100000000000 0.100000000000 0.150000000000 0.200000000000 0.050000000000 -0.200000000000 -0.150000000000 0.000000000000 0.050000000000 -0.200000000000 
0.200000000000 -2.257713327091 -0.150000000000 0.200000000000 0.100000000000 -0.050000000000 0.000000000000 0.000000000000 -0.050000000000 0.050000000000 0.200000000000 -0.050000000000 0.000000000000 
-0.200000000000 0.200000000000 6.030574870282 -0.100000000000 0.000000000000 0.100000000000 0.200000000000 0.200000000000 -0.200000000000 -0.150000000000 0.050000000000 0.150000000000 0.150000000000 
0.200000000000 0.150000000000 0.150000000000 2.574379419473 0.250000000000 -0.200000000000 0.000000000000 -0.150000000000 0.200000000000 0.150000000000 0.000000000000 0.150000000000 0.050000000000 
-0.050000000000 0.050000000000 -0.200000000000 0.000000000000 4.345744973110 0.100000000000 -0.200000000000 0.000000000000 0.100000000000 0.000000000000 -0.200000000000 0.200000000000 0.200000000000 
-0.050000000000 0.100000000000 0.100000000000 -0.050000000000 0.000000000000 1.501150300528 0.100000000000 0.150000000000 0.200000000000 0.100000000000 0.050000000000 0.100000000000 0.200000000000 
0.000000000000 0.050000000000 0.100000000000 0.000000000000 0.150000000000 -0.050000000000 3.287796332085 0.000000000000 0.050000000000 0.050000000000 0.100000000000 0.050000000000 0.100000000000 
0.250000000000 0.250000000000 0.150000000000 0.050000000000 0.050000000000 0.150000000000 0.150000000000 1.837758535336 -0.100000000000 0.050000000000 0.200000000000 0.100000000000 0.050000000000 
0.100000000000 -0.100000000000 0.250000000000 0.200000000000 0.050000000000 -0.100000000000 0.100000000000 0.250000000000 1.327092788647 -0.100000000000 0.100000000000 0.100000000000 0.000000000000 
-0.100000000000 0.150000000000 -0.200000000000 0.250000000000 -0.200000000000 -0.200000000000 0.050000000000 0.000000000000 0.200000000000 -5.906830212959 0.200000000000 0.150000000000 0.100000000000 
0.000000000000 0.000000000000 0.050000000000 0.150000000000 0.250000000000 0.150000000000 -0.200000000000 -0.150000000000 -0.150000000000 0.150000000000 1.028460343901 0.050000000000 0.000000000000 
-0.200000000000 -0.150000000000 0.100000000000 0.200000000000 0.050000000000 0.000000000000 0.250000000000 -0.050000000000 0.250000000000 -0.100000000000 0.150000000000 -0.198110495635 0.200000000000 
0.150000000000 -0.050000000000 -0.200000000000 -0.200000000000 -0.200000000000 0.050000000000 -0.100000000000 -0.150000000000 0.150000000000 -0.150000000000 -0.100000000000 -0.200000000000 -6.581146934952 
