13
-4.090253014182 -0.100000000000 0.050000000000 0.250000000000 0.250000000000 0.000000000000 0.250000000000 0.100000000000 0.000000000000 0.100000000000 0.050000000000 0.000000000000 0.100000000000 
0.050000000000 -2.890434565983 0.150000000000 -0.150000000000 0.100000000000 0.200000000000 0.050000000000 0.100000000000 0.000000000000 0.050000000000 0.000000000000 -0.050000000000 -0.150000000000 
-0.100000000000 0.050000000000 -3.771703337388 0.000000000000 0.000000000000 0.200000000000 -0.150000000000 0.250000000000 0.000000000000 0.150000000000 0.250000000000 0.100000000000 -0.050000000000 
0.050000000000 0.100000000000 0.200000000000 5.408175807134 0.150000000000 -0.100000000000 0.250000000000 -0.150000000000 0.100000000000 0.200000000000 0.000000000000 -0.100000000000 0.250000000000 
0.100000000000 0.200000000000 -0.050000000000 0.100000000000 -5.273704580454 0.250000000000 -0.100000000000 -0.100000000000 0.200000000000 0.050000000000 -0.050000000000 0.150000000000 -0.100000000000 
-0.100000000000 -0.100000000000 0.000000000000 0.200000000000 0.250000000000 -1.451834346896 -0.050000000000 0.250000000000 0.100000000000 0.200000000000 0.050000000000 -0.200000000000 -0.050000000000 
-0.100000000000 0.250000000000 0.200000000000 0.200000000000 -0.100000000000 -0.150000000000 6.359448074026 -0.200000000000 0.100000000000 -0.100000000000 -0.150000000000 0.100000000000 0.200000000000 
0.000000000000 0.200000000000 0.100000000000 0.100000000000 -0.200000000000 0.250000000000 0.000000000000 5.808568005170 -0.100000000000 0.050000000000 0.150000000000 0.050000000000 -0.200000000000 
-0.050000000000 0.050000000000 -0.050000000000 0.000000000000 -0.200000000000 0.050000000000 -0.200000000000 -0.100000000000 3.189486425023 0.000000000000 0.100000000000 0.100000000000 0.050000000000 
0.250000000000 -0.100000000000 0.100000000000 -0.100000000000 -0.050000000000 0.150000000000 0.150000000000 0.250000000000 0.050000000000 4.585484344494 -0.150000000000 0.100000000000 0.250000000000 
-0.200000000000 -0.050000000000 0.200000000000 -0.100000000000 0.050000000000 0.250000000000 -0.100000000000 0.150000000000 -0.100000000000 0.200000000000 0.222662202911 0.150000000000 -0.050000000000 
-0.050000000000 -0.050000000000 -0.050000000000 0.100000000000 -0.100000000000 -0.100000000000 -0.050000000000 0.100000000000 0.000000000000 0.100000000000 -0.050000000000 2.907917072408 0.200000000000 
-0.200000000000 0.000000000000 0.100000000000 -0.200000000000 -0.100000000000 -0.050000000000 -0.100000000000 0.150000000000 0.250000000000 0.100000000000 -0.150000000000 0.200000000000 4.565486980817 
