12
1.000000000000 19.000000000000 14.000000000000 -21.000000000000 -21.000000000000 23.000000000000 2.000000000000 6.000000000000 20.000000000000 -13.000000000000 -7.000000000000 9.000000000000 -2.000000000000 
22
0.651401343316
0.947645737317
0.780220027940
0.702711302705
0.394367110069
0.839205091688
0.105839347742
0.655935470495
0.848029151744
0.059856411923
0.174650488629
0.110550225215
0.364168326501
0.451543395669
0.726676825922
0.095960006281
0.608978396636
0.591626071151
0.509246587349
0.660062489417
0.009258134945
0.195181078826
