33
1.000000000000 -2.000000000000 -13.000000000000 -16.000000000000 21.000000000000 2.000000000000 -16.000000000000 -2.000000000000 14.000000000000 6.000000000000 -24.000000000000 24.000000000000 -10.000000000000 -17.000000000000 -4.000000000000 -3.000000000000 23.000000000000 -7.000000000000 -6.000000000000 -9.000000000000 -3.000000000000 5.000000000000 -2.000000000000 20.000000000000 -16.000000000000 9.000000000000 -12.000000000000 6.000000000000 -7.000000000000 -20.000000000000 7.000000000000 23.000000000000 -18.000000000000 -22.000000000000 
56
0.286940229221
0.012737994682
0.552207756909
0.242484461026
0.944895555240
0.968445660144
0.262375056706
0.227039943121
0.311271585337
0.498607972798
0.482453898118
0.286804690501
0.670037940666
0.356974953837
0.725373181947
0.152530689029
0.274000628102
0.798385663297
0.054511264144
0.715924328796
0.547565846855
0.023294767504
0.340036994422
0.599471677780
0.634173265523
0.322254818708
0.400274493254
0.057668642591
0.528336631724
0.342668870008
0.857173524902
0.091137076356
0.587302331460
0.216915077875
0.251519124449
0.249021530720
0.186880953517
0.620096321555
0.726737893695
0.141996504229
0.257459475050
0.483611014165
0.150482830382
0.060673336326
0.268274174838
0.828381991252
0.867042318764
0.667980510915
0.189109703847
0.735346675540
0.130815203637
0.461639840154
0.396772129731
0.292362412185
0.788032483242
0.031912507245
