99
1.000000000000 -20.000000000000 -13.000000000000 -2.000000000000 -13.000000000000 6.000000000000 -20.000000000000 -5.000000000000 22.000000000000 -20.000000000000 8.000000000000 1.000000000000 -7.000000000000 -16.000000000000 13.000000000000 23.000000000000 12.000000000000 2.000000000000 -18.000000000000 -11.000000000000 1.000000000000 4.000000000000 -3.000000000000 10.000000000000 11.000000000000 20.000000000000 24.000000000000 -6.000000000000 23.000000000000 14.000000000000 6.000000000000 20.000000000000 -5.000000000000 16.000000000000 20.000000000000 -2.000000000000 -11.000000000000 20.000000000000 19.000000000000 -23.000000000000 6.000000000000 -7.000000000000 -23.000000000000 23.000000000000 22.000000000000 6.000000000000 22.000000000000 7.000000000000 9.000000000000 24.000000000000 8.000000000000 0.000000000000 18.000000000000 12.000000000000 -7.000000000000 -12.000000000000 22.000000000000 19.000000000000 -23.000000000000 11.000000000000 19.000000000000 24.000000000000 14.000000000000 -22.000000000000 20.000000000000 -20.000000000000 -15.000000000000 9.000000000000 3.000000000000 -13.000000000000 24.000000000000 -9.000000000000 9.000000000000 7.000000000000 -17.000000000000 -8.000000000000 1.000000000000 -6.000000000000 14.000000000000 -24.000000000000 -19.000000000000 12.000000000000 -1.000000000000 -14.000000000000 10.000000000000 -5.000000000000 3.000000000000 -4.000000000000 18.000000000000 10.000000000000 3.000000000000 16.000000000000 -18.000000000000 -17.000000000000 -24.000000000000 21.000000000000 5.000000000000 4.000000000000 8.000000000000 -6.000000000000 
45
0.564788562201
0.271344263964
0.876755397364
0.515018928869
0.920466670198
0.680712173109
0.980902427182
0.606775886514
0.129555025304
0.090499551968
0.409222647987
0.405007775487
0.309444212697
0.756941539270
0.777901301803
0.721128007869
0.588848719292
0.743831729320
0.239825533665
0.246241093799
0.791899740426
0.084536806975
0.594937090939
0.193535965928
0.898246893367
0.355928292593
0.898138264024
0.721292652831
0.798351478742
0.614547740110
0.052547412772
0.845311873891
0.017841168407
0.726147479865
0.946379559255
0.360426783897
0.974802124506
0.795560168407
0.094259958704
0.837382848248
0.093108790129
0.524478126035
0.531837349126
0.969617643824
0.025292205685
