19
1.000000000000 -24.000000000000 3.000000000000 18.000000000000 -22.000000000000 23.000000000000 1.000000000000 12.000000000000 -17.000000000000 -15.000000000000 11.000000000000 19.000000000000 18.000000000000 15.000000000000 -11.000000000000 -20.000000000000 12.000000000000 22.000000000000 -16.000000000000 3.000000000000 
66
0.750012425565
0.672711277995
0.347052239965
0.195393490879
0.167590534740
0.158230287339
0.870758267665
0.977794018371
0.650311485794
0.124677529749
0.577583015072
0.322449496197
0.251824402022
0.457722377925
0.800217721619
0.614898215777
0.140187637054
0.317198454084
0.143780317369
0.504380941447
0.247467540622
0.758401320772
0.022180910930
0.503248798313
0.465686702385
0.603871720409
0.910540575529
0.331086952148
0.871717834766
0.503815035378
0.269382266595
0.469144020939
0.268768439735
0.049835830428
0.640896550617
0.329411070713
0.881223874475
0.176446854362
0.037580253195
0.467205741246
0.015819610744
0.682493557337
0.614551838866
0.557021368973
0.753602622961
0.433378138784
0.883116924310
0.106762365368
0.625235191276
0.823425179202
0.187414842129
0.667447828652
0.477580106766
0.833501914625
0.087164654825
0.262119845646
0.896049808217
0.597987882747
0.322627934927
0.409089586591
0.367929012908
0.488658870398
0.462224812206
0.114305404982
0.626122392631
0.687196097944
