20.758336746641
19.555545016996
21.041507998710
20.649681952982
-2.857821862727
-62.575889650429
17.221965888937
11.351755482910
-99.508281031387
17.230580348936
19.226904609838
11.455073210773
21.381979180190
17.295117965353
19.085613560119
17.384442593666
20.161620377350
-45.739430426086
21.801713874055
21.623324055178
17.714806302235
20.482707437476
18.097108618548
20.290820109055
21.694560936573
20.946425748036
17.974704180156
16.441348448733
17.935510984507
17.741700734014
19.611968995057
21.858023727589
17.049891106529
18.797530144542
20.185381474971
20.978417324082
15.898945475596
20.982681784638
11.254222000640
17.617606264803
-84.244148590609
19.539312969083
10.436944016741
4.775939271530
16.690072989590
21.018775502014
16.227651639311
19.778827259781
-70.754216609059
20.752486271855
-6.841211780743
18.566909424653
21.621222015549
16.077596032206
14.999533504773
-35.113071045131
19.946418840859
20.111620352567
1.123741344146
19.711816684118
21.782477154429
20.485481794077
4.573107442261
17.939831034072
-88.925620813618
12.822672166630
21.518594118811
17.584274970949
17.113608363885
20.211492785501
21.238857930941
16.929194748558
13.660584179033
21.710149056029
20.273597255621
18.288233252851
1.185524046872
-9.161782783684
21.022339414404
21.824623709409
21.582367368239
18.745543660297
21.735024885880
20.872473553503
20.191179787932
1.305684621423
21.758122469051
-6.578336218986
21.389745773489
16.572636688328
12.451042625755
1.416957850933
17.843313197671
16.315843702678
21.337625778864
18.255560237255
21.514052058325
21.854879817213
20.983590779209
