-25.253342250713
-22.225538065686
-25.933351493569
-24.986856351982
-41.218875803307
-48.770549736545
-25.115397079032
-24.876083357501
-25.368930924493
-25.818699924584
-25.791540370683
-25.252641414199
-26.539512166252
-25.536479337398
-27.151445385745
-24.196951457879
-25.183457262809
-28.576297527891
-22.911904731283
-27.025159009965
-25.921141990336
-22.406742403311
-25.481265904716
-26.096601474927
-26.277328170096
-25.414762821917
-25.647605468060
-22.960428064228
-25.875920808498
-25.490344435583
-30.795045325733
-23.445552215747
-26.046746546742
-24.798081865581
-25.047173097206
-25.030823984797
-24.540726790984
-26.196468456847
-27.170545234699
-24.080645015716
-25.085072603167
-25.793432569213
-24.174745794590
-23.006164263858
-25.150568486557
-29.521273812236
-31.354957604317
-26.522013855126
-24.561186977482
-27.296321594256
-23.951515497175
-25.758101863301
-25.639966189866
-25.280848970046
-28.312006701902
-22.550795212830
