31
0.000000000000 -0.050000000000 0.050000000000 0.000000000000 -0.100000000000 0.000000000000 0.100000000000 -0.050000000000 -0.050000000000 0.250000000000 0.150000000000 -0.050000000000 -0.100000000000 -0.050000000000 0.150000000000 -0.150000000000 0.150000000000 -0.150000000000 0.050000000000 0.150000000000 0.200000000000 0.000000000000 0.250000000000 0.000000000000 -0.100000000000 -0.050000000000 0.150000000000 0.200000000000 -0.200000000000 -0.100000000000 0.150000000000 
0.150000000000 0.000000000000 -0.050000000000 0.050000000000 0.100000000000 0.050000000000 0.200000000000 -0.200000000000 0.000000000000 -0.100000000000 -0.050000000000 -0.100000000000 0.250000000000 -0.150000000000 0.100000000000 0.150000000000 -0.150000000000 -0.050000000000 0.100000000000 0.200000000000 0.250000000000 0.250000000000 0.050000000000 -0.100000000000 0.200000000000 0.100000000000 -0.050000000000 0.100000000000 0.150000000000 -0.100000000000 0.150000000000 
0.200000000000 -0.200000000000 -0.050000000000 0.150000000000 0.000000000000 -0.200000000000 0.200000000000 -0.100000000000 0.200000000000 -0.050000000000 -0.050000000000 -0.100000000000 0.100000000000 0.250000000000 0.200000000000 0.100000000000 -0.100000000000 0.100000000000 0.000000000000 0.000000000000 0.250000000000 -0.150000000000 0.250000000000 -0.100000000000 -0.150000000000 0.150000000000 0.250000000000 0.200000000000 0.250000000000 0.050000000000 0.050000000000 
0.150000000000 0.200000000000 -0.100000000000 0.200000000000 0.200000000000 -0.200000000000 0.050000000000 -0.100000000000 0.050000000000 -0.200000000000 -0.150000000000 -0.100000000000 0.100000000000 0.250000000000 0.100000000000 -0.100000000000 -0.200000000000 0.050000000000 -0.200000000000 -0.050000000000 0.150000000000 0.100000000000 -0.150000000000 0.050000000000 0.000000000000 -0.100000000000 -0.200000000000 0.200000000000 -0.050000000000 0.000000000000 -0.200000000000 
-0.050000000000 0.150000000000 -0.100000000000 -0.150000000000 -0.100000000000 0.000000000000 -0.200000000000 -0.050000000000 0.050000000000 0.150000000000 0.150000000000 0.250000000000 0.000000000000 -0.150000000000 0.200000000000 -0.050000000000 -0.200000000000 0.050000000000 -0.150000000000 -0.150000000000 0.100000000000 0.250000000000 0.200000000000 -0.050000000000 0.000000000000 -0.200000000000 -0.150000000000 -0.200000000000 -0.050000000000 0.200000000000 -0.150000000000 
-0.050000000000 0.150000000000 0.050000000000 0.200000000000 0.000000000000 -0.150000000000 -0.050000000000 0.200000000000 -0.050000000000 -0.050000000000 -0.150000000000 0.250000000000 0.200000000000 -0.200000000000 0.050000000000 0.150000000000 -0.200000000000 -0.200000000000 0.150000000000 -0.150000000000 -0.150000000000 -0.150000000000 0.050000000000 0.100000000000 0.200000000000 -0.100000000000 0.200000000000 0.100000000000 -0.100000000000 0.000000000000 -0.050000000000 
0.200000000000 0.200000000000 0.050000000000 -0.100000000000 -0.200000000000 0.250000000000 0.050000000000 0.000000000000 0.150000000000 -0.100000000000 -0.150000000000 0.250000000000 -0.200000000000 0.050000000000 -0.150000000000 -0.050000000000 0.000000000000 0.200000000000 0.250000000000 0.050000000000 -0.050000000000 -0.100000000000 -0.200000000000 -0.150000000000 0.150000000000 0.150000000000 -0.100000000000 0.050000000000 -0.100000000000 0.050000000000 0.100000000000 
0.250000000000 -0.050000000000 0.150000000000 -0.150000000000 0.100000000000 -0.050000000000 0.050000000000 -0.050000000000 0.250000000000 0.150000000000 0.150000000000 0.250000000000 0.200000000000 0.250000000000 0.200000000000 -0.150000000000 -0.100000000000 0.050000000000 0.200000000000 0.100000000000 0.200000000000 -0.150000000000 -0.150000000000 0.050000000000 0.200000000000 0.200000000000 0.150000000000 0.050000000000 -0.050000000000 0.250000000000 -0.050000000000 
0.150000000000 -0.200000000000 0.100000000000 -0.100000000000 -0.200000000000 -0.150000000000 -0.100000000000 0.250000000000 0.050000000000 0.150000000000 -0.200000000000 -0.200000000000 -0.100000000000 0.250000000000 0.250000000000 0.250000000000 0.000000000000 0.150000000000 -0.150000000000 -0.050000000000 0.000000000000 -0.050000000000 0.200000000000 0.200000000000 -0.200000000000 -0.100000000000 -0.050000000000 0.150000000000 -0.100000000000 -0.050000000000 -0.100000000000 
-0.150000000000 -0.150000000000 -0.200000000000 0.050000000000 -0.200000000000 0.150000000000 0.050000000000 0.200000000000 0.250000000000 0.150000000000 0.250000000000 -0.100000000000 -0.100000000000 0.200000000000 0.050000000000 0.150000000000 0.050000000000 0.100000000000 -0.050000000000 0.050000000000 0.050000000000 0.100000000000 0.250000000000 -0.050000000000 -0.200000000000 0.100000000000 0.050000000000 -0.050000000000 -0.100000000000 0.150000000000 -0.200000000000 
0.000000000000 0.050000000000 0.200000000000 0.100000000000 -0.100000000000 0.000000000000 0.050000000000 -0.200000000000 0.250000000000 0.200000000000 0.100000000000 -0.150000000000 0.200000000000 0.200000000000 0.100000000000 0.100000000000 0.100000000000 -0.100000000000 0.000000000000 0.000000000000 0.200000000000 -0.100000000000 -0.100000000000 0.250000000000 0.000000000000 0.100000000000 0.050000000000 -0.200000000000 0.000000000000 -0.050000000000 -0.150000000000 
-0.200000000000 -0.150000000000 -0.150000000000 0.100000000000 0.250000000000 0.050000000000 0.000000000000 0.000000000000 0.150000000000 -0.050000000000 -0.050000000000 0.050000000000 -0.150000000000 0.100000000000 -0.150000000000 0.250000000000 -0.050000000000 0.200000000000 0.200000000000 0.000000000000 -0.150000000000 0.200000000000 -0.100000000000 -0.200000000000 0.150000000000 0.200000000000 0.050000000000 -0.200000000000 -0.100000000000 -0.200000000000 -0.050000000000 
0.000000000000 -0.150000000000 0.050000000000 -0.100000000000 -0.200000000000 0.050000000000 0.100000000000 -0.100000000000 0.050000000000 0.050000000000 -0.150000000000 0.000000000000 -0.150000000000 -0.200000000000 -0.100000000000 -0.100000000000 0.250000000000 0.000000000000 0.200000000000 -0.200000000000 -0.100000000000 -0.150000000000 -0.200000000000 0.200000000000 -0.100000000000 0.200000000000 -0.050000000000 -0.150000000000 0.250000000000 0.050000000000 -0.200000000000 
0.150000000000 -0.150000000000 -0.200000000000 -0.150000000000 0.250000000000 -0.100000000000 0.200000000000 0.000000000000 -0.050000000000 -0.200000000000 -0.200000000000 -0.100000000000 0.250000000000 -0.150000000000 -0.200000000000 -0.200000000000 0.100000000000 0.200000000000 0.250000000000 0.050000000000 0.200000000000 0.050000000000 0.150000000000 -0.150000000000 -0.150000000000 -0.150000000000 -0.200000000000 0.250000000000 -0.150000000000 -0.150000000000 0.250000000000 
-0.100000000000 -0.200000000000 0.050000000000 0.150000000000 0.050000000000 0.250000000000 -0.050000000000 0.000000000000 -0.150000000000 -0.050000000000 0.100000000000 0.150000000000 -0.050000000000 0.200000000000 0.150000000000 0.050000000000 0.150000000000 0.050000000000 0.100000000000 -0.200000000000 -0.150000000000 -0.050000000000 0.150000000000 0.050000000000 0.150000000000 0.250000000000 0.150000000000 0.100000000000 0.150000000000 0.150000000000 -0.050000000000 
0.050000000000 0.150000000000 -0.100000000000 -0.150000000000 0.100000000000 0.000000000000 0.100000000000 0.200000000000 0.100000000000 0.050000000000 -0.200000000000 -0.050000000000 0.000000000000 -0.050000000000 0.150000000000 0.050000000000 -0.200000000000 -0.200000000000 -0.150000000000 0.100000000000 -0.200000000000 0.100000000000 0.100000000000 0.200000000000 -0.100000000000 0.250000000000 0.100000000000 0.000000000000 0.200000000000 0.050000000000 -0.100000000000 
-0.200000000000 0.100000000000 -0.150000000000 0.150000000000 0.150000000000 0.100000000000 0.050000000000 -0.050000000000 0.100000000000 -0.200000000000 -0.100000000000 0.200000000000 0.100000000000 0.200000000000 -0.200000000000 0.050000000000 0.150000000000 0.000000000000 0.100000000000 0.100000000000 -0.150000000000 0.150000000000 -0.100000000000 0.050000000000 0.150000000000 0.100000000000 -0.100000000000 0.250000000000 0.100000000000 0.200000000000 0.100000000000 
0.050000000000 -0.200000000000 0.050000000000 0.250000000000 0.050000000000 -0.150000000000 0.000000000000 -0.100000000000 0.050000000000 0.050000000000 0.000000000000 0.000000000000 0.100000000000 -0.150000000000 0.200000000000 0.050000000000 -0.200000000000 0.250000000000 -0.150000000000 0.000000000000 0.150000000000 -0.150000000000 0.250000000000 0.150000000000 -0.200000000000 0.050000000000 0.200000000000 0.100000000000 0.050000000000 0.150000000000 -0.100000000000 
-0.200000000000 0.100000000000 -0.050000000000 0.200000000000 -0.100000000000 0.050000000000 0.050000000000 0.150000000000 0.250000000000 -0.150000000000 0.000000000000 0.100000000000 -0.100000000000 0.150000000000 -0.200000000000 0.200000000000 -0.100000000000 0.200000000000 0.250000000000 0.000000000000 0.050000000000 0.000000000000 0.150000000000 0.150000000000 0.250000000000 -0.100000000000 0.150000000000 0.150000000000 -0.100000000000 -0.200000000000 0.200000000000 
0.200000000000 -0.100000000000 0.200000000000 -0.200000000000 0.150000000000 0.150000000000 0.200000000000 0.100000000000 0.200000000000 0.200000000000 -0.050000000000 0.000000000000 0.050000000000 -0.200000000000 0.200000000000 0.100000000000 -0.100000000000 0.050000000000 0.250000000000 -0.150000000000 0.150000000000 0.050000000000 0.150000000000 0.150000000000 0.100000000000 0.000000000000 0.250000000000 -0.150000000000 0.250000000000 -0.150000000000 0.250000000000 
0.000000000000 -0.150000000000 0.150000000000 0.250000000000 0.100000000000 -0.150000000000 0.050000000000 -0.150000000000 0.250000000000 0.150000000000 0.050000000000 -0.200000000000 -0.100000000000 -0.200000000000 0.200000000000 0.000000000000 0.150000000000 0.150000000000 0.250000000000 0.050000000000 0.050000000000 -0.100000000000 0.200000000000 0.050000000000 0.200000000000 0.200000000000 0.050000000000 0.000000000000 -0.100000000000 0.250000000000 0.000000000000 
0.050000000000 -0.050000000000 0.250000000000 -0.050000000000 0.250000000000 0.050000000000 0.100000000000 -0.200000000000 0.050000000000 0.150000000000 -0.050000000000 0.250000000000 -0.150000000000 -0.150000000000 0.250000000000 -0.150000000000 0.250000000000 0.100000000000 -0.150000000000 0.200000000000 0.250000000000 0.000000000000 -0.200000000000 0.100000000000 0.200000000000 -0.050000000000 -0.200000000000 0.200000000000 -0.100000000000 0.200000000000 0.200000000000 
0.150000000000 -0.200000000000 0.050000000000 0.200000000000 0.000000000000 0.150000000000 0.250000000000 0.200000000000 0.200000000000 0.150000000000 -0.100000000000 -0.050000000000 0.000000000000 0.250000000000 0.150000000000 0.100000000000 -0.200000000000 0.000000000000 -0.050000000000 -0.200000000000 -0.100000000000 -0.100000000000 0.150000000000 -0.150000000000 -0.050000000000 0.050000000000 -0.150000000000 0.150000000000 -0.050000000000 0.200000000000 0.150000000000 
0.150000000000 -0.050000000000 0.000000000000 -0.200000000000 0.250000000000 0.100000000000 -0.150000000000 0.100000000000 -0.200000000000 0.050000000000 0.250000000000 -0.100000000000 0.200000000000 -0.100000000000 0.250000000000 0.000000000000 -0.050000000000 -0.200000000000 0.050000000000 0.100000000000 0.000000000000 0.100000000000 -0.100000000000 -0.200000000000 0.000000000000 0.250000000000 -0.050000000000 -0.050000000000 -0.150000000000 0.150000000000 0.200000000000 
0.250000000000 0.000000000000 0.100000000000 0.050000000000 0.200000000000 0.200000000000 -0.200000000000 0.150000000000 0.200000000000 0.000000000000 0.250000000000 -0.200000000000 0.050000000000 0.200000000000 0.250000000000 0.050000000000 -0.050000000000 0.150000000000 0.150000000000 0.200000000000 0.050000000000 -0.200000000000 -0.100000000000 0.250000000000 0.150000000000 -0.200000000000 0.200000000000 -0.200000000000 0.000000000000 0.150000000000 0.200000000000 
0.250000000000 -0.200000000000 0.000000000000 0.150000000000 0.000000000000 -0.050000000000 -0.200000000000 -0.150000000000 -0.100000000000 -0.200000000000 -0.050000000000 0.000000000000 -0.200000000000 0.050000000000 0.150000000000 -0.100000000000 0.000000000000 0.200000000000 0.200000000000 0.250000000000 -0.050000000000 0.250000000000 0.250000000000 -0.050000000000 -0.200000000000 0.100000000000 0.000000000000 -0.200000000000 0.250000000000 0.150000000000 0.200000000000 
-0.050000000000 -0.200000000000 0.050000000000 -0.150000000000 0.200000000000 -0.100000000000 0.200000000000 0.250000000000 0.050000000000 -0.200000000000 0.200000000000 -0.200000000000 -0.150000000000 0.050000000000 -0.100000000000 -0.200000000000 -0.100000000000 -0.200000000000 0.100000000000 -0.050000000000 -0.150000000000 0.100000000000 0.200000000000 0.200000000000 0.100000000000 -0.050000000000 -0.050000000000 -0.200000000000 -0.100000000000 0.250000000000 0.100000000000 
0.200000000000 -0.200000000000 -0.200000000000 0.100000000000 0.250000000000 -0.150000000000 0.100000000000 -0.100000000000 -0.100000000000 0.250000000000 0.250000000000 0.200000000000 0.000000000000 0.100000000000 0.000000000000 -0.200000000000 -0.100000000000 -0.200000000000 0.000000000000 0.150000000000 0.100000000000 -0.100000000000 -0.100000000000 0.150000000000 0.000000000000 0.200000000000 0.250000000000 0.000000000000 -0.100000000000 0.200000000000 0.150000000000 
0.050000000000 0.100000000000 0.250000000000 -0.150000000000 0.050000000000 0.000000000000 0.200000000000 -0.150000000000 -0.100000000000 0.100000000000 0.200000000000 -0.200000000000 0.100000000000 -0.150000000000 0.150000000000 -0.050000000000 -0.050000000000 0.150000000000 0.100000000000 -0.150000000000 -0.100000000000 0.200000000000 0.050000000000 0.100000000000 -0.150000000000 0.200000000000 0.000000000000 0.050000000000 0.000000000000 -0.050000000000 -0.100000000000 
-0.050000000000 0.200000000000 0.200000000000 0.150000000000 0.250000000000 0.050000000000 0.150000000000 0.200000000000 0.050000000000 0.100000000000 0.250000000000 0.200000000000 -0.150000000000 0.200000000000 0.100000000000 0.100000000000 0.100000000000 -0.150000000000 0.000000000000 -0.050000000000 0.250000000000 0.100000000000 -0.200000000000 0.150000000000 0.000000000000 -0.100000000000 0.000000000000 -0.050000000000 0.100000000000 -0.150000000000 0.200000000000 
0.150000000000 -0.150000000000 0.200000000000 -0.100000000000 -0.050000000000 0.000000000000 -0.050000000000 0.200000000000 0.200000000000 0.000000000000 -0.200000000000 -0.150000000000 -0.050000000000 0.100000000000 0.200000000000 -0.050000000000 0.150000000000 -0.200000000000 0.000000000000 0.150000000000 -0.050000000000 0.000000000000 -0.150000000000 0.200000000000 0.050000000000 -0.200000000000 0.250000000000 -0.150000000000 0.100000000000 -0.100000000000 0.100000000000 
