-0.100000000000 0.150000000000 0.250000000000 -0.050000000000 -0.350000000000 -0.300000000000 0.150000000000 -0.100000000000 -0.100000000000 -0.100000000000 -0.050000000000 0.450000000000 
4.500000000000 -0.925000000000 -1.325000000000 0.375000000000 1.375000000000 1.750000000000 -0.375000000000 0.050000000000 0.600000000000 0.650000000000 0.675000000000 -1.525000000000 
2.500000000000 0.513513513514 0.055405405405 -0.167567567568 -0.281081081081 -0.298648648649 0.017567567568 0.474324324324 0.341891891892 0.316216216216 -0.471621621622 -0.741891891892 
2.000000000000 0.054054054054 1.292682926829 -0.103658536585 0.639024390244 0.891463414634 0.047560975610 -0.015853658537 0.125609756098 -0.493902439024 1.073170731707 0.291463414634 
1.500000000000 0.027027027027 -1.609756097561 -2.847058823529 2.204705882353 2.110000000000 0.198823529412 0.967058823529 0.941764705882 -0.664705882353 2.652941176471 -0.998235294118 
3.500000000000 0.027027027027 -17.853658536585 23.411764705882 -8.319103521878 -7.446691568837 0.189327641409 17.483297758805 11.681696905016 12.511419423693 -11.218143009605 -29.607363927428 
-1.000000000000 -0.432432432432 -9.439024390244 10.800000000000 -4.177427961580 0.439876819227 0.087290130490 0.869321162156 1.225646537825 0.019755680719 0.667071715717 -1.606462959778 
1.500000000000 0.135135135135 -4.439024390244 10.800000000000 -3.451707577375 0.497791130124 5.522217228280 -7.595606579279 -9.402635159680 -1.481539105647 -3.092245673228 12.903904253813 
-4.000000000000 -0.270270270270 6.170731707317 -10.470588235294 3.445837780149 -0.366509376500 -0.887706077080 -0.074747768852 0.289117984870 -0.964242154101 1.287277381441 0.844498576366 
1.000000000000 -0.162162162162 -5.682926829268 8.600000000000 -2.979989327641 0.287674398607 -4.948700583060 -0.729940115914 -0.145543423015 -0.854040475400 1.114247716343 -0.285365516199 
-0.000000000000 -0.054054054054 3.219512195122 -8.776470588235 3.033351120598 -0.386699127917 -5.032648068678 -0.887197752556 -0.619236722631 0.497979528589 -0.105858153009 0.471576841593 
-2.000000000000 -0.108108108108 10.951219512195 -14.717647058824 5.525346851654 -0.553469699250 -5.461362279044 -0.507986419311 2.935096505509 -2.073780349037 -5.382237295492 -0.622570654085 
