-0.450000000000 0.000000000000 -0.450000000000 0.250000000000 0.150000000000 0.250000000000 0.500000000000 0.500000000000 -0.450000000000 -0.250000000000 -0.450000000000 -0.350000000000 0.500000000000 
1.000000000000 0.150000000000 0.200000000000 -0.650000000000 -0.500000000000 -0.400000000000 -0.200000000000 -0.800000000000 0.100000000000 0.000000000000 0.650000000000 0.400000000000 -0.200000000000 
0.555555555556 -1.666666666667 0.633333333333 -0.972222222222 -1.366666666667 -1.205555555556 -0.761111111111 -1.561111111111 0.416666666667 0.188888888889 0.883333333333 1.361111111111 -0.961111111111 
0.555555555556 3.333333333333 -1.052631578947 1.004385964912 0.094736842105 0.125438596491 -0.262280701754 0.445614035088 -0.044736842105 0.537719298246 -0.586842105263 0.743859649123 -0.722807017544 
-0.666666666667 -0.333333333333 0.184210526316 0.526783114993 0.235181950509 -0.110669577875 0.095036390102 0.569497816594 -0.269854439592 -0.334723435226 0.463085880640 -0.242583697234 0.474475982533 
-0.222222222222 -2.666666666667 0.210526315789 -1.815138282387 -4.210868354274 -1.095636566194 -0.737878318995 1.863364176518 -0.888577706257 -0.678763074828 2.582162530173 1.031059293186 0.366078170452 
0.888888888889 3.333333333333 -0.578947368421 1.674235807860 2.481029894164 -0.436019251844 0.013181412480 0.371879625131 0.214874704839 0.265815124674 -0.445808430591 -0.528187880602 0.158366897900 
0.111111111111 2.666666666667 -1.157894736842 0.676855895197 -0.977594850529 0.912813096677 6.863418188052 -3.777971522242 -0.681408031199 -1.349507692637 0.492129510585 2.641621132253 -0.653105446987 
-0.666666666667 2.666666666667 -1.947368421053 -0.192430858806 -7.057683975986 1.799191625900 101.078190623124 9.888845097743 -15.300505599855 -14.509543319558 38.141341203687 24.892267124099 -8.252985271712 
-0.444444444444 0.333333333333 0.052631578947 0.626200873362 2.321346784675 -0.261261312153 -28.085283277620 -2.647234457984 -0.290709085090 -0.083124540051 -0.875880062153 -0.548742651108 0.055952984320 
0.444444444444 1.333333333333 -0.578947368421 0.191848617176 -0.677786717831 0.615903672990 -5.841883089055 -0.229217012896 -0.093456685984 -1.756468431291 -1.834616845109 -1.449535434542 0.025246872481 
1.000000000000 1.000000000000 0.157894736842 0.551091703057 2.608962059788 -0.237264294833 -46.148495757264 -4.306256367500 -0.485859996153 -4.115664190783 2.474204544686 0.875263201104 -0.646968220488 
0.888888888889 -2.000000000000 0.710526315789 -0.728238719068 -1.247075570960 0.376317632837 26.669088026056 2.824113654684 0.234430935741 -2.300244478003 -0.051249446775 -1.029187098154 -1.414133611699 
