-0.050000000000 -0.100000000000 0.050000000000 0.000000000000 0.250000000000 0.000000000000 0.100000000000 -0.100000000000 0.250000000000 0.150000000000 0.100000000000 0.200000000000 0.200000000000 0.150000000000 -0.200000000000 0.100000000000 0.250000000000 -0.150000000000 -0.150000000000 -0.050000000000 0.150000000000 0.250000000000 -0.200000000000 0.150000000000 -0.100000000000 
2.000000000000 0.150000000000 -0.200000000000 0.150000000000 -0.700000000000 -0.150000000000 -0.250000000000 0.200000000000 -0.500000000000 -0.350000000000 -0.150000000000 -0.550000000000 -0.600000000000 -0.200000000000 0.350000000000 -0.350000000000 -0.250000000000 0.200000000000 0.300000000000 0.250000000000 -0.250000000000 -0.400000000000 0.350000000000 -0.200000000000 0.300000000000 
1.000000000000 -0.666666666667 0.016666666667 0.350000000000 -0.616666666667 0.050000000000 -0.316666666667 0.083333333333 -0.483333333333 -0.333333333333 0.050000000000 -0.316666666667 -0.500000000000 -0.133333333333 0.383333333333 -0.483333333333 -0.366666666667 0.333333333333 0.600000000000 0.266666666667 -0.166666666667 -0.716666666667 0.233333333333 -0.133333333333 0.400000000000 
1.000000000000 -0.666666666667 -11.000000000000 3.750000000000 -7.600000000000 0.450000000000 -3.950000000000 1.400000000000 -5.900000000000 -4.150000000000 0.300000000000 -4.000000000000 -6.200000000000 -1.650000000000 4.800000000000 -5.400000000000 -4.500000000000 4.050000000000 7.150000000000 3.300000000000 -2.150000000000 -8.200000000000 3.150000000000 -1.750000000000 4.950000000000 
-4.000000000000 -2.000000000000 -18.000000000000 1.746666666667 1.724666666667 -0.186000000000 1.049333333333 -0.695333333333 1.405333333333 0.948666666667 0.726000000000 1.236666666667 1.479333333333 0.632000000000 -1.584000000000 0.432000000000 1.810000000000 -1.074000000000 -1.788666666667 -0.814000000000 0.705333333333 1.472666666667 -1.602000000000 0.906666666667 -1.396000000000 
-4.000000000000 -2.666666666667 -14.000000000000 1.480000000000 1.042520293777 -0.372091225358 0.102048705064 0.002899110939 0.366911480479 0.052995747971 -0.300869733282 -0.269250096637 -0.366235021260 0.133127174333 -0.052647854658 0.341631233089 -0.176961731736 -0.224333204484 0.032721298802 0.364611519134 0.246675686123 0.300715114032 0.508117510630 0.044781600309 -0.020641669888 
1.000000000000 0.666666666667 2.000000000000 -0.173333333333 0.076923076923 -0.248078121754 0.109931435695 -0.003126947850 0.210253480158 -0.029160606690 -0.328485352171 0.194743403283 -0.079316434656 -0.001589445252 0.190785372948 0.465520465406 -0.163131103262 0.178963224600 0.235040515271 0.075067525452 0.184271763973 0.139985456057 0.445283606898 -0.161967587783 0.160263868689 
-5.000000000000 -4.666666666667 -32.000000000000 3.133333333333 1.196366447623 0.100716808643 3.283878283878 -0.394816669817 -0.472027972028 0.358802683803 0.650446512947 -1.008568796069 0.354193441693 -0.044292194292 -0.766168966169 -1.959950859951 0.938102438102 -1.020201757702 -1.038572576073 0.050607163107 -0.437140899641 -0.258497920998 -1.216854091854 0.625999338499 -0.714080514081 
-2.000000000000 -0.333333333333 -10.000000000000 0.893333333333 0.486664089679 0.030853937253 0.589869589870 -0.100001196759 0.054195239292 0.297097858998 0.246773836451 -0.185931796695 0.362234169868 0.108829090822 0.095344008425 -0.817373352960 -0.115364592683 -0.195987565672 -0.160364832035 0.147675594490 -0.082615577017 -0.509062159672 -0.234387678168 0.328849974270 -0.157923742505 
-0.000000000000 1.666666666667 17.000000000000 -1.640000000000 -0.356010823348 -0.192915021816 -0.316008316008 -0.374920714705 -3.975157336867 1.348277575356 1.363448161643 -0.677376614773 1.485674064260 0.710185491885 0.399966876449 -3.773203047367 -0.178188141769 -0.988655183836 -0.307055316330 1.122275587943 -0.161377939715 -1.841984100696 -1.253544219940 1.352169592580 -0.477823782710 
-0.000000000000 0.000000000000 12.000000000000 -1.093333333333 -0.498260533436 0.136193642219 -1.452938952939 0.052501825058 10.699320967208 -2.567586712362 0.479753799744 0.465541765448 -0.386594771463 0.651851095497 0.240183876066 -0.198691790834 0.896490304102 -0.054518004766 1.245085028478 1.360681021140 0.927442476671 1.511610330758 -0.223353273799 0.017470043238 0.652406521392 
-5.000000000000 -4.666666666667 -47.000000000000 4.626666666667 2.297642056436 -0.256285061292 4.461821961822 1.684354767290 4.970238489566 -0.902141040917 -1.062291438108 1.033698971671 -0.970976297931 0.589941097283 0.799311491383 2.100667337778 0.178652532539 0.416338483896 2.280738231739 1.349454511500 1.504309311569 2.767088210799 0.596706017647 -1.052843210809 1.534814308818 
-3.000000000000 -3.333333333333 -25.000000000000 2.480000000000 0.984538074990 0.760232703096 3.959837459837 0.575557390586 -14.603362040411 3.200601899053 0.492353731232 -1.073758809413 0.240717903097 -0.370886339407 0.533248732840 1.635197688826 -1.145403182146 0.338562251619 -0.101992843141 -1.392503049082 -0.009368033687 0.490328015258 0.155996156135 -0.420167964227 0.140394791432 
2.000000000000 2.333333333333 34.000000000000 -3.293333333333 -1.611519134132 0.450810305423 -1.033831033831 -1.609820605799 -15.201821795296 3.449927321713 0.935306269857 -1.892572025551 -2.809547469282 -0.929365776807 1.698775818490 6.631645284908 -2.689308226199 1.222604893974 0.008041055304 -4.056919806097 0.435660901075 3.827651730306 0.052721135684 -1.537282547434 0.914490279966 
-3.000000000000 -2.000000000000 -27.000000000000 2.613333333333 1.630073444144 -0.341834614585 -2.755717255717 -0.170083414115 10.192928121895 -2.321907897161 -1.801779419473 0.794951618302 -3.986351599639 0.449640251811 2.131552365084 2.003165768401 -2.412246482052 0.232484993829 2.104301365555 -0.704393535001 1.346042899736 1.942724757321 1.373025599665 -0.856764234673 1.556818575384 
4.000000000000 3.333333333333 28.000000000000 -2.786666666667 -1.466177039041 -0.755973405360 -1.288792288792 -0.202659198889 9.628552500828 -2.083532123803 1.034234221740 0.200238806615 0.358266001573 -0.258937480091 -0.159471549934 1.590594665295 -0.834234105945 0.398185700750 -0.196538140418 -1.339842876992 0.007827048457 0.235406284174 0.423831303502 -0.435823373365 -0.078845138925 
-0.000000000000 -0.333333333333 -4.000000000000 0.453333333333 0.461151913413 0.048981923956 1.835380835381 0.147955336948 -3.827525670752 0.837247314998 0.424362366421 -0.768173377890 -1.244854182056 0.810979428527 -0.141432920500 -0.919797185868 -0.864364164136 0.292385372754 0.704455270303 0.075663424022 -0.172714437189 -1.069787738375 1.289676500657 -0.310304463125 0.040834246626 
-2.000000000000 -1.000000000000 -6.000000000000 0.613333333333 0.383455740240 -0.121805526699 3.026649026649 -0.171675103819 -4.482378270951 1.386641935576 -0.057616709393 -0.709636648595 -3.971763197012 1.270493075845 -0.205728105435 -0.143750307975 1.320189853192 -0.421125590285 -0.728623032929 -0.708016867318 0.235233276124 1.336577032875 -1.320878845669 -0.213215906035 -0.078616180342 
-5.000000000000 -2.000000000000 3.000000000000 -0.213333333333 -0.070351758794 0.986546852275 3.006237006237 0.490635359447 -7.791321629679 1.821235981280 1.708800863370 -0.775679470617 2.622763690877 -0.063066092806 -0.774355579128 -0.404493869578 0.192587145801 0.033499095463 -0.271796558258 -0.517113301891 0.013289832594 0.081567678608 0.492451454440 -0.088691006646 0.370060376187 
-0.000000000000 -0.333333333333 -16.000000000000 1.546666666667 0.930421337457 -0.744597963848 -1.282649782650 0.811091564045 13.719327591918 -3.025296957339 -2.028439912001 1.885760877413 0.095773929677 -1.127349991059 0.925440366753 2.195004954289 -2.418800836580 -2.235269067236 2.400033115021 0.708737041853 -0.111296055000 1.742970830767 -2.971423619344 -0.326693951978 -1.252919488103 
2.000000000000 2.333333333333 10.000000000000 -1.000000000000 -0.231928875145 -1.093444836900 0.045076545077 -0.613051855575 0.521811858231 -0.078454880091 0.794490802348 -1.074457377555 -2.472727509131 0.739353970331 0.215321014384 0.412159814712 0.458142311610 1.252429586677 -5.166168908900 -0.905686096471 -0.169018952688 0.582113340911 1.253320435015 -0.643439153490 0.909447758044 
-1.000000000000 1.000000000000 24.000000000000 -2.253333333333 -0.913413219946 0.015842509869 -0.853335853336 -0.295898706303 9.648724743293 -1.981029943454 1.513362262031 0.179777003327 2.414378040479 -0.486845642394 -0.768981376774 0.876592426265 -0.587970981967 1.854633693540 -6.516511046847 -1.876711813104 1.598195530338 1.215320242227 -1.223568614345 0.039173602443 -0.932405658055 
2.000000000000 1.333333333333 -2.000000000000 0.146666666667 0.095477386935 -0.139102430916 -0.970232470232 0.611867063991 11.532510765154 -2.594906378083 0.354840667151 1.265875711709 4.434660137917 -1.162284127075 -0.354314302113 0.007422873076 -0.357872704981 -1.106402166726 1.035651005740 0.217283012914 -1.259296928291 1.050312159588 2.214368375576 -1.080312923390 2.087476976027 
4.000000000000 3.000000000000 33.000000000000 -3.253333333333 -2.015075376884 0.163411593601 1.338499338499 -1.158079919578 -10.164027823783 2.429696962252 2.660754499930 -1.778771027821 2.118693906919 0.090425017054 -1.085278121702 0.244474735656 0.185456077918 1.434095487902 -5.908520757228 -2.716685455686 -0.912151529276 3.539133704052 1.069303011321 -0.556745153444 1.216786640474 
-0.000000000000 -1.333333333333 -25.000000000000 2.346666666667 0.744878237341 -0.624974028672 3.197316197316 0.773992029584 2.231566743955 -0.468985001658 0.526849818688 -0.234920055078 -1.196569588814 0.413853459571 -0.029527081599 -0.021277095236 1.164266725263 0.362117483459 1.484915384898 0.645571639894 -0.077795972131 -1.244600846389 -0.414185061025 0.058165848958 -0.325418517531 
