0.050000000000 0.150000000000 0.000000000000 -0.200000000000 -0.050000000000 0.200000000000 0.250000000000 0.100000000000 0.200000000000 0.150000000000 0.100000000000 0.100000000000 -0.200000000000 0.000000000000 -0.200000000000 -0.200000000000 
-4.000000000000 0.600000000000 0.200000000000 -0.900000000000 -0.300000000000 0.600000000000 1.200000000000 0.550000000000 0.850000000000 0.700000000000 0.200000000000 0.550000000000 -0.550000000000 0.250000000000 -0.750000000000 -0.900000000000 
-2.000000000000 0.833333333333 -0.166666666667 0.450000000000 0.150000000000 -0.250000000000 -0.300000000000 -0.458333333333 -0.158333333333 -0.083333333333 0.133333333333 -0.358333333333 0.108333333333 -0.258333333333 0.175000000000 0.350000000000 
1.000000000000 -0.583333333333 -1.000000000000 0.275000000000 0.275000000000 0.150000000000 0.250000000000 -0.087500000000 0.037500000000 -0.025000000000 0.200000000000 -0.037500000000 -0.062500000000 -0.312500000000 0.037500000000 -0.025000000000 
3.000000000000 -0.416666666667 -0.500000000000 1.272727272727 -0.400000000000 -0.615909090909 -0.718181818182 0.011363636364 -0.272727272727 -0.268181818182 -0.254545454545 -0.352272727273 0.604545454545 0.572727272727 0.377272727273 0.631818181818 
5.000000000000 -1.083333333333 -2.500000000000 3.636363636364 1.125000000000 -1.027556818182 -0.801136363636 -0.894602272727 -0.404545454545 0.242613636364 -0.540909090909 -0.067329545455 0.422159090909 0.117045454545 0.114204545455 0.330113636364 
-3.000000000000 0.666666666667 0.200000000000 0.218181818182 0.475000000000 -0.642134365496 -0.417846281449 -0.335761680951 0.076591097595 0.288631462538 0.069936411391 0.287276748687 -0.257439867293 -0.443704727675 -0.249051700304 -0.152681780481 
0.000000000000 -0.083333333333 1.100000000000 -1.890909090909 -0.825000000000 -0.146474979265 -0.222284712343 0.238248916532 0.048678333940 0.081172461706 -0.075502034605 0.132461044761 0.170178979058 0.305106361862 0.138526813776 -0.021608164886 
4.000000000000 -0.666666666667 -2.000000000000 4.000000000000 1.750000000000 0.556815040088 -0.365931121183 -0.187299956259 0.139674236796 0.405050093383 0.208091244246 0.333900826905 -0.355349820525 -0.322664356979 -0.339007783047 -0.399412279301 
-4.000000000000 1.333333333333 0.700000000000 -0.054545454545 0.225000000000 -0.215814210672 0.568796109439 0.747464087592 -2.694466785502 0.552884813261 0.368796396357 0.417458153183 -1.129074056216 -1.168235936815 -0.856023336989 -0.940486503737 
-4.000000000000 1.333333333333 1.000000000000 -0.181818181818 -0.875000000000 0.303290019353 1.411949581500 3.208562739966 -3.568688479934 0.117078190059 0.870629832047 0.142446492579 -1.003903684844 -0.933358360794 -1.025120316794 -0.382182130085 
2.000000000000 -0.583333333333 -0.700000000000 0.872727272727 0.400000000000 0.057948576168 -0.132861349125 -0.507665016559 2.288859853798 -1.053591461757 -0.285024941909 0.119130781067 -0.566920575895 -0.510545964258 -0.686160915051 -0.496915181291 
2.000000000000 -0.500000000000 -0.900000000000 2.018181818182 1.675000000000 -0.198451755599 -1.003771462600 -3.334775152571 4.457263406540 -0.944494802302 -0.775749239083 2.530587368157 0.952246481247 1.011910873880 1.203206475148 0.950365642585 
5.000000000000 -1.333333333333 -1.000000000000 1.818181818182 1.500000000000 -0.390378766934 -1.100837000033 -3.575282404482 4.054693643618 -0.799379682801 -1.131213260808 1.478348134556 0.433093034325 0.317304607928 -0.169461017520 0.039639607006 
-3.000000000000 0.500000000000 -0.900000000000 1.836363636364 1.175000000000 -0.606524744263 -0.069077314983 -4.222316723483 2.144634103180 0.410869282011 -1.307129273244 -0.233659219102 0.015801712087 2.328019551998 0.261273639660 0.187002215120 
-3.000000000000 0.500000000000 -0.600000000000 0.981818181818 0.575000000000 -0.152667956870 0.202964237271 0.045941498705 -0.569487538661 0.604374096885 0.266828649142 0.206044408534 0.291237486865 0.861134545291 1.426046855769 -0.328652528604 
