0.200000000000 -0.200000000000 -0.200000000000 0.100000000000 0.050000000000 0.200000000000 0.250000000000 -0.150000000000 0.000000000000 0.050000000000 -0.050000000000 
0.750000000000 0.200000000000 0.100000000000 -0.075000000000 -0.237500000000 -0.050000000000 -0.387500000000 0.212500000000 0.250000000000 -0.037500000000 -0.062500000000 
1.250000000000 0.750000000000 0.125000000000 0.181250000000 0.015625000000 -0.412500000000 0.178125000000 0.178125000000 -0.037500000000 0.015625000000 0.309375000000 
0.500000000000 1.750000000000 -1.800000000000 0.657500000000 0.368750000000 -0.605000000000 0.723750000000 -0.126250000000 -0.505000000000 -0.131250000000 0.791250000000 
-1.000000000000 -0.250000000000 -1.400000000000 0.509505703422 -0.125380228137 -0.281749049430 0.083745247148 0.316825095057 0.067300380228 0.279372623574 0.114353612167 
-0.250000000000 0.250000000000 1.000000000000 -0.285171102662 -2.084912812737 -0.434950720243 0.462244124337 0.355799848370 0.121304018196 0.701288855193 0.207808946171 
0.000000000000 -0.500000000000 2.000000000000 -0.912547528517 0.107657316149 -0.754662715705 0.450278891407 -0.030808785079 -0.226538260415 0.429388181977 0.466567892627 
-1.000000000000 0.000000000000 0.000000000000 0.304182509506 -1.099317664898 -0.630643193307 0.473976579890 0.675679860641 0.511470047421 0.785786315688 -0.205062421368 
-0.250000000000 0.250000000000 -2.200000000000 0.749049429658 0.159211523882 1.257538783336 -1.411342301365 -0.067396659887 -0.315241198545 0.087158540777 0.406196897648 
-0.750000000000 -1.750000000000 1.800000000000 -0.353612167300 0.206216830933 -1.722415896810 0.274460466467 0.444090349194 -1.289553015946 0.643223497479 0.547221655548 
-0.500000000000 0.000000000000 0.800000000000 -0.068441064639 1.294162244124 -2.076607983267 1.518068324785 0.147204159386 -1.994823601252 1.017717711916 -0.159522329147 
