-0.200000000000 -0.200000000000 0.250000000000 0.150000000000 -0.200000000000 0.200000000000 0.100000000000 0.000000000000 0.250000000000 0.250000000000 0.050000000000 -0.100000000000 -0.200000000000 -0.200000000000 -0.050000000000 0.050000000000 -0.050000000000 -0.200000000000 0.100000000000 -0.100000000000 -0.100000000000 0.250000000000 0.250000000000 0.100000000000 0.150000000000 0.250000000000 0.000000000000 -0.050000000000 -0.150000000000 0.100000000000 -0.100000000000 
-1.250000000000 -0.050000000000 0.162500000000 0.237500000000 -0.400000000000 0.450000000000 0.375000000000 -0.150000000000 0.462500000000 0.412500000000 -0.137500000000 -0.125000000000 -0.450000000000 -0.200000000000 0.087500000000 0.112500000000 0.187500000000 -0.150000000000 0.175000000000 -0.025000000000 -0.275000000000 0.262500000000 0.162500000000 0.175000000000 0.237500000000 0.162500000000 0.250000000000 -0.012500000000 -0.037500000000 -0.025000000000 0.025000000000 
-0.250000000000 -1.000000000000 0.025000000000 0.375000000000 -0.400000000000 0.500000000000 0.500000000000 -0.300000000000 0.425000000000 0.275000000000 -0.225000000000 -0.150000000000 -0.250000000000 -0.150000000000 0.325000000000 0.275000000000 -0.025000000000 -0.300000000000 0.350000000000 -0.250000000000 -0.250000000000 0.475000000000 0.375000000000 0.200000000000 0.225000000000 0.325000000000 0.150000000000 0.075000000000 -0.025000000000 0.200000000000 0.100000000000 
-1.250000000000 4.000000000000 -5.500000000000 1.150000000000 -0.750000000000 1.400000000000 1.375000000000 -1.100000000000 0.700000000000 0.375000000000 -0.475000000000 -0.400000000000 0.025000000000 -0.325000000000 1.225000000000 1.275000000000 -1.050000000000 -1.300000000000 1.600000000000 -1.450000000000 -0.400000000000 1.975000000000 1.575000000000 0.475000000000 0.425000000000 1.300000000000 0.075000000000 0.550000000000 0.025000000000 1.425000000000 0.225000000000 
-0.500000000000 3.000000000000 -20.500000000000 6.086956521739 -2.284782608696 0.478260869565 0.855434782609 0.995652173913 3.389130434783 2.442391304348 -1.383695652174 -0.215217391304 -3.827173913043 -0.446739130435 -1.281521739130 -2.185869565217 5.341304347826 2.013043478261 -3.189130434783 3.526086956522 -1.715217391304 -2.896739130435 -2.311956521739 0.683695652174 1.538043478261 -1.763043478261 1.918478260870 -1.697826086957 -0.527173913043 -4.448913043478 0.455434782609 
-0.750000000000 6.000000000000 -37.500000000000 11.173913043478 1.912464319696 -0.208135109420 -0.175118934348 0.237155090390 -1.103330161751 -0.886203615604 0.528877259753 -0.118839200761 0.414985727878 -0.089105613701 0.237821122740 -0.491341579448 -0.382445290200 0.276213130352 0.320837297812 0.358658420552 -0.100142721218 -0.253568030447 -0.052378686965 -0.290152235966 -0.765366317793 0.295670789724 -0.582064700285 0.001379638440 -0.046146527117 0.210561370124 0.389866793530 
-1.250000000000 1.000000000000 6.000000000000 -2.130434782609 -0.460513796384 0.466742857143 0.255022857143 -0.195657142857 0.917017142857 0.487297142857 -0.546017142857 -0.095817142857 -0.052897142857 0.143468571429 -0.191377142857 0.089011428571 0.301291428571 -0.271451428571 -0.509691428571 -0.082720000000 -0.045314285714 0.191971428571 0.015194285714 0.212234285714 0.720954285714 -0.080342857143 0.264942857143 -0.260777142857 -0.067971428571 -0.261194285714 -0.342885714286 
-1.250000000000 1.000000000000 2.000000000000 -0.869565217391 -0.239771646051 0.086171428571 0.846400322660 0.027375697416 -0.309775034171 -0.124379887517 0.171760514464 -0.158088910798 -0.236896412646 -0.253477559434 0.299433104035 -0.248413587578 -0.254407448072 -0.041809137556 0.280397275314 -0.026305765310 -0.212103116807 0.132201035201 0.206876694526 -0.027658025051 -0.305918797195 0.150230791638 -0.148876291201 0.141773286428 -0.343154675211 0.275337784848 0.311475722064 
0.250000000000 3.000000000000 -22.000000000000 6.391304347826 1.294005708849 0.080228571429 0.662954581102 -18.164272559853 -6.905727440148 -3.118434622468 3.965837937385 -3.063499079190 -3.558674033149 -4.586942909761 6.225727440147 -4.302228360958 -5.840994475138 -0.997826887661 6.506040515654 -1.097145488029 -3.588600368324 3.269981583794 4.577274401473 -0.790386740332 -6.429889502763 3.481068139963 -3.145046040516 3.229760589319 -6.112007366483 6.306887661142 5.826390423573 
-1.250000000000 8.000000000000 -31.500000000000 8.913043478261 1.210275927688 2.916800000000 -0.019449237043 -3.514262328627 -0.290553684350 0.627821335540 0.036000712925 -1.125220418575 -3.343850799552 -1.798429446351 2.221312383531 -1.731767609559 -1.125557087485 -0.647170078840 1.228870514625 -0.552593864756 -1.555748380140 1.385628012560 2.045098433135 0.487440459946 -0.871364978789 0.622224977917 -0.199442119882 1.130215442027 -3.208323799517 1.389178622087 1.712017734825 
1.000000000000 -0.000000000000 -16.000000000000 5.130434782609 0.941960038059 -0.561600000000 -0.425373635977 3.856435440966 -0.113144103005 0.018912826009 0.140745668170 0.281725834606 0.561513358582 0.541735433718 -0.117838173553 0.233594928831 0.260560714463 0.523587545607 -0.159744582243 0.321695147982 0.233681103030 -0.430792181281 -0.694210352594 0.104373782456 0.216366931470 -0.074236783014 0.315960113124 -0.485294451009 0.955981476264 -0.587533701139 -0.484597931890 
0.250000000000 -1.000000000000 -4.000000000000 1.608695652174 0.303520456708 -0.012800000000 -0.877725245916 -1.875138121547 -0.015224771388 0.384004282822 0.925472216409 -0.398540714358 0.096285365103 -0.222691087484 -0.384290357651 -0.098282090805 -0.147408776382 -0.384059010136 0.001575197068 0.292802324191 -0.098183080195 0.281577195824 0.195452577427 -0.036746943975 0.235312481405 -0.108449979279 -0.270724859538 -0.018194860298 -0.279700782801 0.053996056946 0.117665794358 
-0.750000000000 1.000000000000 9.000000000000 -2.826086956522 -0.823025689819 2.161371428571 0.072195209393 9.581379169225 -0.833246958587 1.582413171595 0.475773309968 -2.922646069036 3.187818911229 0.939952873441 -3.306500128828 1.347095468697 0.830382104650 -0.872862320098 -0.989077511934 1.099999765038 1.483367477286 -0.375065850200 -0.942429123101 -0.855079253741 1.306218723249 -1.215457822896 -0.490274526936 -0.605111928181 1.941101979651 -0.664471253165 -0.871398226519 
-0.000000000000 3.000000000000 -27.500000000000 8.391304347826 1.622264509990 0.834514285714 -0.214277711802 -15.510497237569 0.681970553175 0.091601400828 0.379717257743 0.959558273315 -0.338951801243 -0.080081859312 -0.226985344168 0.303065241462 -0.155952579497 -0.280519888086 -0.155929124635 -0.109328455319 -0.128807850479 0.113999768442 0.212744852252 0.138786692499 0.161427650993 -0.143086891142 0.153459634109 0.021548719165 -0.002698999919 0.291344628501 0.375933078887 
0.250000000000 -6.000000000000 44.500000000000 -13.434782608696 -2.308277830637 -2.222857142857 -0.458222232181 16.711479435237 -0.633076520321 -1.579252286795 0.867568069752 3.632541541726 -1.078108575868 4.502793483755 1.266339269546 -1.357791454628 0.393698308992 0.628935677292 1.356192416915 -0.324064467863 1.172446957026 0.078888450107 0.327250421398 -1.185275207094 -1.631415124438 0.884145934902 -1.139799403465 0.951702293410 -1.049698764476 0.169250674555 -1.093579909988 
-1.250000000000 7.000000000000 -25.000000000000 6.826086956522 1.085632730733 3.246628571429 0.603822626543 -31.927194597913 1.081634358363 1.948827600701 -1.553925689697 -2.771754937415 1.038532486832 -0.973162513124 0.343220444052 1.060979149361 -0.435711688831 0.428032050081 -0.856999794228 0.452971698364 -1.290700131358 -0.661442589231 -1.125305958832 1.441395729681 1.063421353494 -0.249086665273 1.162621138251 -1.459528146330 0.902005640317 -0.859250342309 0.786349418997 
1.000000000000 -5.000000000000 16.500000000000 -4.652173913043 -0.551855375833 -2.531885714286 -0.978601357861 10.631471250256 -0.206217855779 -1.306455032004 -0.034572252520 2.473104873125 -0.509570157811 -4.109587553293 0.088953498958 1.261555294122 -0.360444022862 -2.135613511097 0.919455789665 -1.635550052118 1.028528286614 1.832953688974 3.102112120695 -0.980828490241 -0.585237779457 0.122296328777 -0.562205827244 2.120436409445 -1.328410782380 2.838747637577 0.349750108703 
0.250000000000 2.000000000000 -17.500000000000 5.173913043478 0.949571836346 0.228800000000 -0.436666741357 -5.254184571312 0.175898097355 0.200882447203 -1.174184204099 -0.186556196796 0.279831381991 -1.643093538392 0.387006368281 0.902034904163 0.618562787650 0.736656800182 -0.301184345253 0.624907038883 -0.315630960280 -0.538610606559 -1.234735930725 0.221264579865 0.236034744050 0.101835138387 0.425117347387 -0.779755024878 0.930715028450 -0.888774505060 -0.080693963223 
1.000000000000 -1.000000000000 -9.500000000000 3.000000000000 0.744053282588 -1.173028571429 -0.360393466132 -6.689952936362 0.522439507305 -0.691430576886 -1.739295081412 -0.604901028973 -0.058800845459 -3.740413824057 -0.419181547017 0.340237460541 0.832590444997 1.488294069740 0.066562311568 0.316560360742 -0.530913905161 0.220218782694 0.346983823130 0.620562776278 0.017380976494 -0.003124113206 -0.062526817751 0.043992216179 -0.535730202713 -0.295374361994 0.154613554829 
-1.000000000000 -0.000000000000 8.000000000000 -2.478260869565 -0.543292102759 0.819657142857 0.846579578301 4.971434417843 -0.296003738263 0.422740006305 2.164271833988 0.588748254779 -0.077395529629 3.777495274179 0.240625818145 -0.111567923622 -1.810678292918 -4.987458327843 2.425832716864 -0.616773251348 1.900528031086 -0.246442423699 -1.787345474988 -2.672226503571 -0.387131007073 0.877402082153 0.690321699961 0.218345297192 3.419482274721 0.898856585651 -0.973186578209 
-0.250000000000 3.000000000000 -19.000000000000 5.826086956522 0.801141769743 1.151542857143 -0.762822380067 -7.718845917741 0.031059351452 0.856176190024 1.578609146061 1.354567505480 -0.272824399509 6.343271730330 0.497698935687 -1.281147627801 -3.023602736158 -6.025222596449 -1.549987440091 -1.122526174851 1.008942237460 0.283229231742 -2.506821460110 -2.387716197667 0.148892106723 1.699914456795 2.424771519627 -0.296444518136 5.759697134608 0.979605925992 -0.625314932215 
0.500000000000 -0.000000000000 -1.000000000000 0.260869565217 -0.041864890580 0.697600000000 0.977481010106 -5.316717822795 0.197574158572 0.718589195487 -0.820296933577 -3.077034767603 0.674063621255 0.443364436773 -0.067922950247 -0.461927169925 -1.040622706995 -1.609286765564 -0.393442403452 -0.920637149634 1.020245167048 -0.209563443110 0.704982068087 0.486675104868 0.052047766560 -0.730339468537 -1.334631077703 0.450076499978 -1.803268715165 -0.426854422712 0.159370708383 
0.750000000000 1.000000000000 -22.000000000000 6.869565217391 1.443387250238 0.277257142857 -1.105088619507 -29.681849805607 1.307020592747 0.823231838989 -3.230502122050 -2.468126669131 0.910640382843 -4.460884173729 0.038166136237 0.655454833612 0.697225999540 1.650346797257 -13.880652512311 -7.830555312439 6.325138400377 5.554960280203 2.430361716139 1.227338735375 -3.316502909045 -0.590135438611 -2.654352225428 0.448685381616 -6.845213477474 -1.031121373028 -1.912923204449 
0.750000000000 -6.000000000000 25.500000000000 -7.086956521739 -1.196955280685 -2.134171428571 -0.510744134979 25.654061796604 -0.996008094040 -1.117389897577 0.967647429811 2.435178734248 -0.471000844675 -2.565794041088 -0.044415492962 0.621233714766 0.341614770656 -0.282050698985 3.523580491207 2.076406087437 -1.414274044374 -2.599432847005 0.692000713030 -0.092081675914 3.046830249810 -0.918365391998 0.399063310000 0.548730739162 2.774123397812 1.141413326198 2.383912139789 
0.250000000000 2.000000000000 -13.500000000000 3.869565217391 0.764985727878 0.159771428571 0.697707768491 3.414814814815 0.008259381438 -0.704646022789 -1.249815570691 -0.935096426033 -0.109623204810 -3.703405711457 -0.440439676363 0.580093701504 1.167367958036 2.054119613258 6.205939043608 3.614712527133 -3.380946999045 -4.656614452794 0.028810805228 -0.234676178917 2.599117988318 -1.605886610976 -0.471913881734 0.767160157651 1.775915956256 0.212302292993 1.799036058934 
1.000000000000 -2.000000000000 -5.000000000000 1.739130434783 0.545195052331 -3.144457142857 -1.601178605839 -1.729240843053 0.412971738716 -1.381588139247 -2.286348477073 1.838759472268 -0.341860411438 -9.976999033184 -1.012746344915 0.989930174017 2.120137886183 4.398381539420 1.952128142346 1.628401850313 -1.674757906492 -1.989407315832 0.417364978445 -0.058251697335 0.700390590751 0.793553053011 0.899250629640 0.018370155022 0.702441623550 1.434086639947 1.470942879718 
-1.000000000000 7.000000000000 -29.500000000000 8.260869565217 1.293054234063 1.602971428571 0.356405028121 -18.662369551873 0.739139671966 0.795845425241 -1.204770831902 -2.273890037205 0.403661136769 -1.713026683857 -0.396261381900 -0.007354962248 -0.741867760505 -1.887188164738 0.868344035029 -0.601916239698 1.583299770255 4.100758827874 -0.214532024398 4.417060325591 -5.662316783269 -5.616780635089 2.636554254940 0.111293373736 1.982538814911 4.795518307417 7.152501035946 
0.500000000000 -5.000000000000 33.500000000000 -10.000000000000 -1.685061845861 -1.709942857143 -0.325393802236 4.368528749744 -0.054435350650 -0.466071513989 -0.338294683924 0.382180998657 0.001324041144 -5.033607167447 -0.754237451299 0.226742856111 1.061294653691 2.049322289856 -2.535092036632 -0.456221288893 -0.496044326775 -1.165524507352 0.077450717899 3.664481601823 -4.491324044314 -4.792103116362 0.059619737811 2.508214583345 1.322973416387 3.307206520337 6.415941563602 
1.000000000000 -8.000000000000 40.000000000000 -11.565217391304 -1.849666983825 -1.806171428571 0.071164489458 9.576099856763 -0.271193592327 -0.374902978217 2.383422384255 1.736934010518 -0.248539017102 1.470913474171 0.240336211648 -0.046282559412 -0.166937298831 -0.989609387791 -0.561337657870 0.025579564787 -0.157340595816 -1.558566825008 0.328408118110 1.044354080534 -0.824564158680 -0.810564464799 -0.469821733371 0.470046019102 -0.450012714131 0.504247501343 1.841761162851 
0.250000000000 1.000000000000 -1.000000000000 0.086956521739 -0.159847764034 -0.022628571429 0.443926594815 16.329404542665 -0.761290127589 -0.830745232307 1.554553878584 2.467040559973 -0.912913510984 4.875285855865 0.784662973811 -0.161524260423 -1.867040741203 -4.900930214183 7.052971782641 3.261626472148 -1.913523587613 -1.618557382457 -0.362552707758 -2.845018163481 3.588836890110 3.141875858056 0.245687958559 -0.697597112760 -1.248012037420 0.169979205044 1.136119319546 
0.500000000000 -0.000000000000 5.000000000000 -1.652173913043 -0.420551855376 0.172114285714 -0.346501153958 -0.265970943319 -0.095150302430 0.299915425771 -2.022687248752 -1.278784852832 0.471223600453 -7.414717108253 -1.003814159200 0.370235174977 0.296095701609 0.135297855018 1.975485042109 1.412679728218 -1.300366330911 -2.061758468113 0.212118402456 -4.207549929103 5.334634003845 5.373634097474 -0.107373785945 -0.576112036518 -1.810403995151 -1.128895336279 3.638621205020 
