0.050000000000 0.100000000000 0.150000000000 0.250000000000 0.000000000000 -0.200000000000 0.250000000000 0.200000000000 0.250000000000 -0.150000000000 0.150000000000 0.250000000000 0.250000000000 0.050000000000 0.150000000000 0.150000000000 0.100000000000 0.100000000000 0.000000000000 0.250000000000 0.100000000000 -0.100000000000 0.150000000000 
-2.000000000000 0.050000000000 0.350000000000 0.550000000000 0.150000000000 -0.400000000000 0.450000000000 0.300000000000 0.650000000000 -0.100000000000 0.400000000000 0.700000000000 0.350000000000 -0.100000000000 0.500000000000 0.250000000000 0.150000000000 0.400000000000 -0.150000000000 0.500000000000 0.150000000000 -0.400000000000 0.550000000000 
1.000000000000 -5.000000000000 1.700000000000 2.450000000000 0.750000000000 -1.600000000000 2.200000000000 1.500000000000 3.000000000000 -0.350000000000 2.050000000000 3.400000000000 1.650000000000 -0.650000000000 2.300000000000 1.300000000000 0.700000000000 1.950000000000 -0.600000000000 2.450000000000 0.500000000000 -2.000000000000 2.600000000000 
4.000000000000 -12.000000000000 2.058823529412 0.655882352941 0.255882352941 -0.455882352941 -0.179411764706 -0.038235294118 0.873529411765 0.370588235294 -0.070588235294 0.400000000000 0.002941176471 -0.111764705882 0.714705882353 -0.226470588235 -0.091176470588 0.385294117647 -0.364705882353 -0.194117647059 0.220588235294 -0.282352941176 0.447058823529 
-2.000000000000 1.000000000000 0.058823529412 -0.448430493274 0.120627802691 -0.010313901345 -0.309865470852 -0.055381165919 -0.034753363229 -0.063228699552 -0.052242152466 -0.170627802691 0.204260089686 0.438116591928 0.185201793722 0.071973094170 -0.132062780269 -0.141928251121 -0.078251121076 -0.131165919283 0.119506726457 0.291031390135 -0.052466367713 
0.000000000000 -4.000000000000 0.823529411765 -0.026905829596 1.154275092937 -0.232713754647 0.241078066914 -0.172397769517 0.393029739777 -0.028810408922 0.070167286245 0.257713754647 0.005483271375 -0.573420074349 0.061338289963 -0.259758364312 0.073513011152 0.118308550186 -0.225371747212 0.278531598513 0.156226765799 -0.196468401487 0.031412639405 
-1.000000000000 1.000000000000 -0.029411764706 -0.347533632287 0.091078066914 0.234424920128 0.024061501597 -0.123712060703 -0.147154552716 0.281010383387 -0.275928514377 -0.405860623003 -0.270337460064 -0.013438498403 0.184784345048 -0.236132188498 -0.066303913738 0.126447683706 0.115565095847 -0.298751996805 -0.206140175719 0.062599840256 -0.320746805112 
-2.000000000000 3.000000000000 -0.382352941176 -0.401345291480 -1.745353159851 -0.160143769968 -24.231535269709 -3.063817427386 -3.465850622407 6.509253112033 -6.660622406639 -9.980622406639 -6.161244813278 0.553817427386 5.026929460581 -5.631659751037 -1.694315352697 2.535477178423 2.851867219917 -7.414688796680 -4.781784232365 1.915352697095 -7.935186721992 
3.000000000000 -6.000000000000 1.058823529412 -0.295964125561 3.163568773234 1.539137380192 5.266390041494 -0.291306644275 -0.647571372464 0.890918971261 -0.821341653349 -0.508479712343 -1.321927733687 -0.416179677131 0.037158035158 -0.418361480538 0.242098580677 0.438912551803 0.243942143612 -0.951919066064 -0.889998713400 -0.305945448143 -0.475390043067 
4.000000000000 -7.000000000000 1.147058823529 -0.091928251121 3.011152416357 -0.105031948882 25.698755186722 -0.882492754408 -1.325189335020 0.326291334116 -0.068645623923 1.626079738996 -1.248581261780 -1.411573683151 -0.437019368770 -0.112004193212 0.773592986566 0.458082886519 -0.413194082447 -0.031251428019 -0.298456118978 -1.202702634874 1.030094974681 
2.000000000000 -7.000000000000 1.264705882353 0.612107623318 -1.700743494424 -0.150559105431 -27.564315352697 1.143618462039 0.264600559966 0.061150381119 0.355229696298 -0.234373556351 0.230234908056 -0.108078015965 -0.660628179833 0.227001246816 -0.294357761641 0.266087810384 -0.100209583962 0.487617464844 0.249563750652 0.257219882651 0.150071939080 
-1.000000000000 4.000000000000 -0.794117647059 -0.006726457399 1.221189591078 -1.456469648562 38.458921161826 -1.604302662586 -1.084416361892 1.260797632059 -1.363649801845 -2.537730315147 0.785893450568 0.949216457682 0.492980921979 -0.341804090603 -0.758814866870 -0.237348794877 0.767976035609 0.276472874569 -0.161877476142 1.718944039799 -1.826945628879 
-4.000000000000 8.000000000000 -1.294117647059 0.031390134529 -1.968401486989 -0.745207667732 -15.692946058091 0.599420352664 0.158089317505 0.327173951884 -0.649443560545 0.530698073746 0.642076551363 -0.041769130570 -0.752693623744 0.589284287430 0.048837807088 0.064257080100 0.091066583949 0.262943998755 0.459477256626 0.028028378460 -0.100989553995 
4.000000000000 -8.000000000000 1.235294117647 0.493273542601 0.392193308550 0.836261980831 -10.773443983403 0.457271323709 0.544101139016 -0.568058904318 1.393989760569 -0.718168110752 -0.024970089882 0.123651517818 0.962128139689 -0.007121872935 0.205342205863 -0.007646794672 0.157245808248 -0.114690240440 -0.026203180471 -0.081507921269 0.005046696452 
4.000000000000 -9.000000000000 1.558823529412 0.275784753363 0.085501858736 1.629792332268 -24.784232365145 0.965492023078 1.707647383295 -2.285178562587 2.257084446891 -1.704164550552 -1.210069797957 -5.504227802646 5.232129696685 -0.174359942343 1.582977098226 0.087173533335 1.420474617121 -0.142244848524 -0.086935942132 -0.498802805083 -0.441864899042 
-1.000000000000 2.000000000000 -0.294117647059 0.183856502242 -1.877323420074 -1.477635782748 0.189211618257 0.093705138276 -0.524840597820 -1.771051294431 0.831069646096 -1.381845265636 -1.566248950401 -12.350254566021 2.113243806396 0.722235511943 -0.034834604705 -0.185935911798 -1.154840397307 -0.409247634314 0.151756775224 -0.009320395691 0.448180207845 
5.000000000000 -10.000000000000 1.764705882353 0.192825112108 -0.189591078067 0.174121405751 -20.717012448133 1.022617080636 -0.707343610711 -0.353594157832 -0.243644708202 -0.710075797642 -1.147775577285 -6.768990602818 0.845719749482 1.077479340968 -0.067491366786 0.631158758523 0.740615908009 0.451130327513 0.110701448014 -0.134640409718 -0.043811835696 
0.000000000000 1.000000000000 -0.323529411765 0.446188340807 0.236059479554 -1.453274760383 35.962655601660 -1.440653863864 -1.095155062571 0.128303377011 0.269733265779 -0.118711642618 -0.262012001772 1.538019611397 -0.119670067492 -0.478104243807 -4.795569899731 2.568610669209 3.151989680468 2.035757535386 0.467414707766 -0.590385567385 -0.740285952441 
0.000000000000 -4.000000000000 0.794117647059 0.464125560538 0.295539033457 0.278354632588 2.521991701245 -0.066232834042 -0.161616948523 -1.841741234993 -0.573442623823 -1.175780070896 -1.490453659157 -9.756623156131 1.405571325164 1.044803374465 -9.638778934396 2.626056223810 -0.255780181314 -0.085849614453 -0.183428592811 0.071020584979 1.449495097259 
5.000000000000 -10.000000000000 1.735294117647 0.302690582960 -0.239776951673 1.237619808307 -38.900414937759 1.616850402232 1.599294160090 -2.611882374677 2.067438343215 -2.172404492502 -1.700852052003 -10.905588469445 1.848123613227 0.183968162753 2.263613534122 -0.491491993734 1.633823099327 0.285527325078 0.196923258434 0.238658238755 -2.339521400293 
-1.000000000000 5.000000000000 -0.882352941176 -0.591928251121 0.109665427509 -0.728434504792 3.930290456432 -0.071027113410 -1.291632137153 2.160971362654 -1.202753709051 1.250372403999 1.010887205885 4.649354866448 -0.854978705177 -0.090859607747 3.646685295689 -0.777101423673 0.353046776436 0.232084929717 0.166373196726 -0.077921370313 -0.483497565929 
-2.000000000000 9.000000000000 -1.735294117647 -0.302690582960 1.483271375465 -1.937300319489 47.378423236514 -2.007563856009 -1.153990217582 2.527850494905 -1.051292403665 1.863054605301 1.276268768065 8.776597688951 -1.320725671301 -1.017772374850 6.902570271853 -1.921564259943 0.520958520028 0.816251821426 1.322830294080 -0.456421812859 0.441958381983 
-4.000000000000 7.000000000000 -1.176470588235 0.278026905830 -3.637546468401 -1.748402555911 -17.352697095436 0.693342181533 0.004947153504 -0.724588455424 0.276856235263 -0.351322609511 -0.096701056440 -5.427333766489 1.012490039061 -0.083063268216 3.570834814084 -0.800522773113 4.306272671672 0.170172272494 3.145804642846 -0.182187959189 -4.576295720619 
