10
36.000000000000 
-6.000000000000 2.000000000000 
-30.000000000000 8.000000000000 59.000000000000 
-36.000000000000 7.000000000000 48.000000000000 95.000000000000 
6.000000000000 -5.000000000000 8.000000000000 -23.000000000000 83.000000000000 
24.000000000000 -10.000000000000 -43.000000000000 -33.000000000000 13.000000000000 61.000000000000 
12.000000000000 3.000000000000 -25.000000000000 24.000000000000 -46.000000000000 -32.000000000000 155.000000000000 
12.000000000000 -7.000000000000 10.000000000000 18.000000000000 79.000000000000 11.000000000000 2.000000000000 208.000000000000 
0.000000000000 -7.000000000000 -6.000000000000 51.000000000000 35.000000000000 41.000000000000 13.000000000000 125.000000000000 202.000000000000 
36.000000000000 -7.000000000000 -8.000000000000 -22.000000000000 60.000000000000 25.000000000000 5.000000000000 103.000000000000 70.000000000000 190.000000000000 
