11
1.000000000000 
2.000000000000 20.000000000000 
1.000000000000 -10.000000000000 11.000000000000 
0.000000000000 8.000000000000 2.000000000000 117.000000000000 
-6.000000000000 20.000000000000 -25.000000000000 91.000000000000 166.000000000000 
-1.000000000000 -2.000000000000 -3.000000000000 -23.000000000000 19.000000000000 71.000000000000 
-2.000000000000 -4.000000000000 -5.000000000000 -45.000000000000 -34.000000000000 3.000000000000 72.000000000000 
0.000000000000 32.000000000000 -23.000000000000 -4.000000000000 57.000000000000 40.000000000000 22.000000000000 179.000000000000 
2.000000000000 -20.000000000000 22.000000000000 60.000000000000 -10.000000000000 10.000000000000 -4.000000000000 0.000000000000 196.000000000000 
0.000000000000 -16.000000000000 19.000000000000 69.000000000000 22.000000000000 -22.000000000000 -61.000000000000 -48.000000000000 14.000000000000 141.000000000000 
-5.000000000000 -6.000000000000 -8.000000000000 37.000000000000 51.000000000000 -9.000000000000 19.000000000000 -39.000000000000 -26.000000000000 45.000000000000 222.000000000000 
