13
64.000000000000 
8.000000000000 50.000000000000 
-40.000000000000 -47.000000000000 110.000000000000 
-8.000000000000 20.000000000000 -6.000000000000 11.000000000000 
8.000000000000 -27.000000000000 -16.000000000000 -18.000000000000 60.000000000000 
64.000000000000 -13.000000000000 -57.000000000000 -22.000000000000 72.000000000000 192.000000000000 
40.000000000000 5.000000000000 24.000000000000 2.000000000000 -36.000000000000 5.000000000000 133.000000000000 
-48.000000000000 8.000000000000 60.000000000000 18.000000000000 -47.000000000000 -127.000000000000 25.000000000000 134.000000000000 
16.000000000000 -33.000000000000 76.000000000000 -9.000000000000 -3.000000000000 4.000000000000 63.000000000000 -4.000000000000 200.000000000000 
32.000000000000 53.000000000000 -76.000000000000 15.000000000000 -2.000000000000 51.000000000000 27.000000000000 -29.000000000000 -86.000000000000 188.000000000000 
0.000000000000 -7.000000000000 -29.000000000000 -8.000000000000 71.000000000000 130.000000000000 -43.000000000000 -27.000000000000 -40.000000000000 1.000000000000 301.000000000000 
0.000000000000 -28.000000000000 -11.000000000000 -17.000000000000 5.000000000000 -48.000000000000 -43.000000000000 -5.000000000000 -89.000000000000 -8.000000000000 -95.000000000000 229.000000000000 
-32.000000000000 -39.000000000000 36.000000000000 -13.000000000000 44.000000000000 78.000000000000 -47.000000000000 -17.000000000000 -28.000000000000 -70.000000000000 132.000000000000 -106.000000000000 313.000000000000 
