12
4.000000000000 
-10.000000000000 41.000000000000 
12.000000000000 -62.000000000000 149.000000000000 
-12.000000000000 34.000000000000 -23.000000000000 46.000000000000 
-8.000000000000 -12.000000000000 82.000000000000 34.000000000000 145.000000000000 
8.000000000000 -8.000000000000 56.000000000000 3.000000000000 42.000000000000 130.000000000000 
14.000000000000 -43.000000000000 37.000000000000 -53.000000000000 -66.000000000000 -42.000000000000 191.000000000000 
0.000000000000 -32.000000000000 43.000000000000 -17.000000000000 46.000000000000 -48.000000000000 57.000000000000 106.000000000000 
14.000000000000 -43.000000000000 72.000000000000 -38.000000000000 6.000000000000 55.000000000000 143.000000000000 39.000000000000 264.000000000000 
-10.000000000000 21.000000000000 -15.000000000000 32.000000000000 20.000000000000 -24.000000000000 -15.000000000000 30.000000000000 -4.000000000000 212.000000000000 
-8.000000000000 8.000000000000 14.000000000000 27.000000000000 62.000000000000 4.000000000000 -82.000000000000 -13.000000000000 -56.000000000000 46.000000000000 109.000000000000 
-4.000000000000 -22.000000000000 31.000000000000 -5.000000000000 26.000000000000 -94.000000000000 101.000000000000 97.000000000000 55.000000000000 -84.000000000000 -53.000000000000 300.000000000000 
