10
49.000000000000 
-14.000000000000 68.000000000000 
0.000000000000 -40.000000000000 26.000000000000 
-21.000000000000 -42.000000000000 34.000000000000 110.000000000000 
21.000000000000 34.000000000000 -28.000000000000 -2.000000000000 141.000000000000 
-7.000000000000 -46.000000000000 26.000000000000 65.000000000000 7.000000000000 97.000000000000 
-28.000000000000 72.000000000000 -46.000000000000 -46.000000000000 102.000000000000 -18.000000000000 173.000000000000 
56.000000000000 0.000000000000 -13.000000000000 -69.000000000000 71.000000000000 -54.000000000000 39.000000000000 213.000000000000 
-28.000000000000 48.000000000000 -23.000000000000 32.000000000000 98.000000000000 -28.000000000000 114.000000000000 81.000000000000 235.000000000000 
0.000000000000 8.000000000000 0.000000000000 21.000000000000 -10.000000000000 -24.000000000000 -1.000000000000 -18.000000000000 70.000000000000 127.000000000000 
