9
9.000000000000 
-3.000000000000 17.000000000000 
0.000000000000 -16.000000000000 16.000000000000 
12.000000000000 -20.000000000000 16.000000000000 77.000000000000 
12.000000000000 -16.000000000000 12.000000000000 7.000000000000 60.000000000000 
-18.000000000000 22.000000000000 -16.000000000000 -46.000000000000 -1.000000000000 138.000000000000 
-6.000000000000 -14.000000000000 16.000000000000 47.000000000000 0.000000000000 -23.000000000000 114.000000000000 
-12.000000000000 0.000000000000 4.000000000000 -57.000000000000 -5.000000000000 11.000000000000 -49.000000000000 113.000000000000 
0.000000000000 -24.000000000000 24.000000000000 -18.000000000000 56.000000000000 -15.000000000000 27.000000000000 21.000000000000 116.000000000000 
