13
9.000000000000 
-15.000000000000 61.000000000000 
-9.000000000000 57.000000000000 58.000000000000 
-18.000000000000 30.000000000000 18.000000000000 61.000000000000 
-18.000000000000 6.000000000000 -10.000000000000 32.000000000000 120.000000000000 
-15.000000000000 43.000000000000 36.000000000000 44.000000000000 -18.000000000000 87.000000000000 
-6.000000000000 22.000000000000 20.000000000000 24.000000000000 -60.000000000000 41.000000000000 102.000000000000 
-18.000000000000 36.000000000000 25.000000000000 32.000000000000 14.000000000000 44.000000000000 16.000000000000 116.000000000000 
15.000000000000 -49.000000000000 -43.000000000000 -7.000000000000 -54.000000000000 8.000000000000 31.000000000000 -17.000000000000 137.000000000000 
-21.000000000000 53.000000000000 42.000000000000 86.000000000000 2.000000000000 74.000000000000 102.000000000000 5.000000000000 43.000000000000 255.000000000000 
-18.000000000000 60.000000000000 53.000000000000 31.000000000000 80.000000000000 3.000000000000 -38.000000000000 -27.000000000000 -122.000000000000 60.000000000000 241.000000000000 
-15.000000000000 13.000000000000 1.000000000000 -12.000000000000 2.000000000000 37.000000000000 46.000000000000 30.000000000000 11.000000000000 7.000000000000 -53.000000000000 224.000000000000 
6.000000000000 20.000000000000 29.000000000000 6.000000000000 -46.000000000000 -23.000000000000 19.000000000000 -11.000000000000 -60.000000000000 -30.000000000000 51.000000000000 -132.000000000000 247.000000000000 
