11
16.000000000000 
24.000000000000 52.000000000000 
8.000000000000 -8.000000000000 45.000000000000 
-16.000000000000 -52.000000000000 23.000000000000 82.000000000000 
20.000000000000 42.000000000000 7.000000000000 -48.000000000000 69.000000000000 
16.000000000000 44.000000000000 -17.000000000000 -47.000000000000 -6.000000000000 107.000000000000 
12.000000000000 14.000000000000 23.000000000000 8.000000000000 -23.000000000000 75.000000000000 115.000000000000 
12.000000000000 34.000000000000 -18.000000000000 -27.000000000000 -4.000000000000 71.000000000000 42.000000000000 149.000000000000 
12.000000000000 22.000000000000 -15.000000000000 -31.000000000000 5.000000000000 23.000000000000 16.000000000000 -67.000000000000 148.000000000000 
20.000000000000 22.000000000000 0.000000000000 19.000000000000 -21.000000000000 44.000000000000 66.000000000000 26.000000000000 34.000000000000 139.000000000000 
4.000000000000 2.000000000000 11.000000000000 2.000000000000 -15.000000000000 28.000000000000 63.000000000000 60.000000000000 -6.000000000000 36.000000000000 141.000000000000 
