11
9.000000000000 
-6.000000000000 29.000000000000 
12.000000000000 -23.000000000000 61.000000000000 
9.000000000000 -16.000000000000 -18.000000000000 85.000000000000 
6.000000000000 -44.000000000000 68.000000000000 -50.000000000000 156.000000000000 
3.000000000000 8.000000000000 -38.000000000000 83.000000000000 -70.000000000000 190.000000000000 
-18.000000000000 -28.000000000000 24.000000000000 16.000000000000 34.000000000000 -14.000000000000 182.000000000000 
24.000000000000 -11.000000000000 11.000000000000 16.000000000000 6.000000000000 -18.000000000000 -90.000000000000 134.000000000000 
-12.000000000000 -32.000000000000 20.000000000000 40.000000000000 48.000000000000 63.000000000000 164.000000000000 -98.000000000000 216.000000000000 
24.000000000000 -16.000000000000 56.000000000000 -12.000000000000 68.000000000000 -40.000000000000 -29.000000000000 6.000000000000 16.000000000000 209.000000000000 
21.000000000000 -24.000000000000 70.000000000000 -29.000000000000 76.000000000000 -71.000000000000 -29.000000000000 22.000000000000 -50.000000000000 114.000000000000 196.000000000000 
