13
64.000000000000 
-8.000000000000 17.000000000000 
48.000000000000 18.000000000000 73.000000000000 
-24.000000000000 -17.000000000000 -42.000000000000 106.000000000000 
-16.000000000000 -18.000000000000 -39.000000000000 1.000000000000 103.000000000000 
32.000000000000 -4.000000000000 17.000000000000 -78.000000000000 5.000000000000 89.000000000000 
48.000000000000 -26.000000000000 7.000000000000 43.000000000000 -21.000000000000 7.000000000000 109.000000000000 
-16.000000000000 10.000000000000 -8.000000000000 -52.000000000000 -34.000000000000 24.000000000000 -76.000000000000 224.000000000000 
-8.000000000000 1.000000000000 -3.000000000000 27.000000000000 4.000000000000 -25.000000000000 19.000000000000 -52.000000000000 30.000000000000 
40.000000000000 -5.000000000000 30.000000000000 -51.000000000000 41.000000000000 40.000000000000 5.000000000000 36.000000000000 0.000000000000 137.000000000000 
8.000000000000 -1.000000000000 10.000000000000 21.000000000000 10.000000000000 -16.000000000000 6.000000000000 -54.000000000000 -3.000000000000 -33.000000000000 102.000000000000 
0.000000000000 4.000000000000 9.000000000000 37.000000000000 -28.000000000000 -25.000000000000 12.000000000000 -58.000000000000 -9.000000000000 -90.000000000000 50.000000000000 159.000000000000 
40.000000000000 -17.000000000000 14.000000000000 -12.000000000000 40.000000000000 8.000000000000 16.000000000000 12.000000000000 0.000000000000 41.000000000000 37.000000000000 -102.000000000000 265.000000000000 
