-0.344652777778 -0.195833333333 0.182986111111 0.375069444444 0.534861111111 0.022222222222 0.320000000000 -0.447013888889 -0.154027777778 0.117500000000 0.169027777778 
0.173333333333 0.204652777778 -0.173611111111 0.091666666667 0.293611111111 -0.252013888889 -0.061388888889 0.013958333333 0.207013888889 -0.006736111111 0.002222222222 
-0.011111111111 0.135208333333 0.087708333333 0.273055555556 -0.016805555556 0.025625000000 -0.069027777778 0.068402777778 0.119583333333 0.222569444444 0.101111111111 
-0.241805555556 -0.088125000000 0.017916666667 -0.116805555556 0.001875000000 -0.004444444444 0.009513888889 -0.004583333333 0.096736111111 -0.175972222222 -0.130763888889 
0.030833333333 0.280208333333 0.307847222222 -0.103611111111 -0.196944444444 -0.210000000000 0.242916666667 0.178888888889 -0.250833333333 -0.073472222222 -0.121458333333 
-0.258680555556 -0.172500000000 -0.315972222222 0.031319444444 0.300416666667 0.078263888889 0.151250000000 -0.026111111111 0.245625000000 -0.232013888889 -0.005763888889 
0.004930555556 -0.128402777778 -0.031944444444 0.195138888889 -0.115277777778 0.094583333333 0.129305555556 -0.061111111111 -0.162430555556 0.200833333333 0.066180555556 
-0.002777777778 -0.159930555556 -0.229583333333 0.102222222222 0.027430555556 -0.122569444444 0.047013888889 -0.189166666667 0.150347222222 0.020416666667 -0.015902777778 
-0.058333333333 -0.257500000000 -0.162152777778 0.190000000000 0.114027777778 0.257430555556 -0.014791666667 0.028819444444 0.015555555556 0.122013888889 0.082916666667 
0.023194444444 -0.081250000000 0.139027777778 0.222638888889 -0.269861111111 -0.119791666667 0.017361111111 0.043194444444 -0.163472222222 0.264027777778 0.301250000000 
0.215486111111 0.095069444444 -0.186041666667 0.426458333333 0.252291666667 0.258680555556 0.096527777778 0.026319444444 0.095208333333 0.157291666667 -0.039027777778 
