-0.032013888889
0.342361111111
0.009652777778
0.069583333333
-0.029027777778
0.355416666667
0.128402777778
0.295833333333
-0.176041666667
-0.234652777778
-0.138819444444
0.127916666667
0.040694444444
0.234583333333
0.202569444444
-0.059166666667
-0.232013888889
0.076458333333
0.025069444444
-0.341944444444
0.006180555556
-0.355347222222
0.003819444444
-0.109375000000
-0.122361111111
-0.150416666667
-0.013750000000
-0.155000000000
0.361666666667
0.272777777778
0.191388888889
-0.006597222222
-0.112500000000
-0.420694444444
-0.129513888889
0.038333333333
0.136319444444
0.037361111111
0.338819444444
0.037430555556
-0.037500000000
-0.157013888889
0.200277777778
-0.063472222222
-0.192916666667
0.000347222222
-0.170069444444
-0.114027777778
0.121111111111
0.070000000000
-0.172986111111
0.009444444444
0.296805555556
-0.074583333333
-0.024097222222
0.165486111111
0.077083333333
0.083055555556
-0.373750000000
0.213194444444
0.166319444444
-0.048819444444
0.236111111111
-0.234583333333
0.091666666667
0.056875000000
-0.066666666667
-0.257916666667
0.018958333333
-0.202083333333
0.050069444444
-0.093125000000
-0.062916666667
-0.026111111111
0.021875000000
0.079722222222
-0.004236111111
-0.247222222222
0.091666666667
-0.106597222222
0.013611111111
-0.254791666667
0.193194444444
-0.316736111111
0.383333333333
0.107222222222
-0.099166666667
0.243958333333
0.025208333333
0.058263888889
0.205902777778
-0.053472222222
0.260902777778
0.008194444444
0.066319444444
-0.111250000000
-0.243125000000
0.230833333333
-0.028680555556
