9
-1.087528160546 0.200000000000 0.050000000000 -0.100000000000 0.100000000000 0.000000000000 0.050000000000 -0.100000000000 0.200000000000 
0.250000000000 1.831432675406 -0.100000000000 -0.200000000000 -0.150000000000 -0.100000000000 0.100000000000 -0.150000000000 0.250000000000 
-0.200000000000 0.250000000000 0.049245306358 -0.200000000000 -0.200000000000 -0.200000000000 -0.150000000000 -0.150000000000 -0.100000000000 
-0.100000000000 0.050000000000 0.100000000000 2.930194649667 -0.050000000000 0.250000000000 -0.100000000000 0.150000000000 0.100000000000 
-0.150000000000 0.250000000000 0.050000000000 0.100000000000 0.771797947853 0.150000000000 0.150000000000 0.000000000000 0.150000000000 
0.000000000000 0.000000000000 -0.050000000000 0.200000000000 -0.100000000000 3.371251494083 -0.200000000000 0.250000000000 0.150000000000 
-0.100000000000 0.150000000000 -0.150000000000 -0.200000000000 0.000000000000 0.250000000000 -2.275998658773 -0.050000000000 0.100000000000 
-0.150000000000 0.000000000000 -0.100000000000 0.050000000000 0.050000000000 -0.100000000000 -0.200000000000 2.669608418403 -0.200000000000 
0.000000000000 0.100000000000 0.250000000000 -0.200000000000 0.000000000000 -0.200000000000 0.150000000000 0.250000000000 -1.134656444721 
