9
2.711560176608 -0.200000000000 0.250000000000 0.150000000000 0.150000000000 0.100000000000 -0.050000000000 -0.200000000000 -0.100000000000 
0.200000000000 4.000753821700 0.150000000000 0.100000000000 0.150000000000 -0.200000000000 0.100000000000 -0.150000000000 0.100000000000 
0.150000000000 -0.200000000000 4.515543535578 0.200000000000 0.150000000000 0.100000000000 -0.050000000000 0.250000000000 0.050000000000 
-0.100000000000 0.200000000000 0.150000000000 -3.305965613998 -0.200000000000 0.100000000000 0.250000000000 0.100000000000 0.250000000000 
0.250000000000 -0.200000000000 0.250000000000 0.100000000000 5.565335064679 0.200000000000 0.150000000000 -0.100000000000 0.000000000000 
0.250000000000 0.050000000000 -0.100000000000 -0.050000000000 -0.050000000000 -0.872545030171 -0.200000000000 -0.050000000000 0.000000000000 
0.150000000000 0.250000000000 0.250000000000 0.200000000000 0.150000000000 0.000000000000 -3.487255534706 -0.050000000000 0.050000000000 
0.050000000000 -0.100000000000 -0.050000000000 -0.050000000000 0.000000000000 -0.050000000000 0.050000000000 0.254844574904 -0.200000000000 
0.050000000000 0.050000000000 0.100000000000 0.000000000000 0.250000000000 0.200000000000 -0.150000000000 -0.050000000000 3.269863434477 
