12
3.878256461289 -0.050000000000 0.150000000000 0.250000000000 0.250000000000 0.100000000000 -0.100000000000 0.000000000000 -0.200000000000 0.200000000000 0.100000000000 -0.200000000000 
0.100000000000 -3.109284293947 -0.200000000000 0.200000000000 0.200000000000 0.000000000000 -0.150000000000 0.000000000000 0.100000000000 0.200000000000 -0.100000000000 -0.100000000000 
0.250000000000 0.200000000000 -4.924364089479 0.100000000000 0.100000000000 -0.100000000000 -0.050000000000 0.050000000000 0.050000000000 0.050000000000 -0.200000000000 0.250000000000 
-0.100000000000 -0.200000000000 0.100000000000 3.970986208826 0.000000000000 0.150000000000 -0.100000000000 -0.100000000000 0.150000000000 0.200000000000 0.250000000000 -0.050000000000 
0.050000000000 -0.100000000000 -0.050000000000 -0.050000000000 -0.821591365254 -0.200000000000 0.100000000000 0.050000000000 0.250000000000 -0.050000000000 0.050000000000 -0.100000000000 
-0.050000000000 0.250000000000 0.200000000000 0.100000000000 -0.200000000000 -0.645521326534 -0.100000000000 -0.050000000000 -0.100000000000 -0.150000000000 -0.100000000000 -0.150000000000 
-0.050000000000 0.150000000000 0.050000000000 0.200000000000 -0.100000000000 -0.200000000000 -1.990191047297 0.050000000000 0.250000000000 0.200000000000 0.200000000000 -0.050000000000 
0.100000000000 -0.100000000000 0.250000000000 0.200000000000 -0.150000000000 -0.150000000000 -0.050000000000 -2.751396732831 0.250000000000 -0.150000000000 -0.200000000000 -0.100000000000 
0.050000000000 0.200000000000 0.250000000000 -0.150000000000 0.100000000000 -0.200000000000 0.100000000000 0.000000000000 0.137970234352 -0.150000000000 0.050000000000 -0.200000000000 
-0.150000000000 0.250000000000 0.000000000000 0.250000000000 0.000000000000 -0.200000000000 0.000000000000 0.200000000000 0.200000000000 -5.657279763792 -0.150000000000 0.000000000000 
0.050000000000 -0.150000000000 -0.200000000000 0.000000000000 0.100000000000 -0.200000000000 0.150000000000 0.050000000000 0.100000000000 0.200000000000 5.940778522524 0.200000000000 
0.000000000000 0.100000000000 0.100000000000 0.100000000000 -0.100000000000 0.150000000000 -0.150000000000 0.000000000000 0.250000000000 0.200000000000 -0.150000000000 4.401129765398 
