12
7.115737396502 0.150000000000 -0.100000000000 0.150000000000 0.150000000000 0.250000000000 0.200000000000 -0.050000000000 0.250000000000 0.000000000000 -0.200000000000 0.150000000000 
-0.200000000000 -1.763103854431 0.000000000000 0.100000000000 -0.050000000000 -0.150000000000 -0.100000000000 0.100000000000 0.050000000000 -0.100000000000 0.000000000000 -0.100000000000 
0.200000000000 0.100000000000 -0.477384506872 0.100000000000 0.250000000000 -0.200000000000 0.050000000000 0.150000000000 -0.050000000000 0.250000000000 -0.200000000000 -0.050000000000 
-0.050000000000 0.200000000000 0.250000000000 -4.121380170167 0.050000000000 0.050000000000 0.250000000000 0.050000000000 -0.100000000000 -0.150000000000 -0.200000000000 0.150000000000 
-0.100000000000 0.150000000000 0.150000000000 0.100000000000 -4.741404821676 0.200000000000 0.200000000000 0.000000000000 0.150000000000 -0.100000000000 0.250000000000 0.150000000000 
0.050000000000 0.000000000000 0.150000000000 0.100000000000 0.000000000000 -1.197361042124 0.100000000000 -0.100000000000 -0.150000000000 -0.050000000000 0.000000000000 -0.050000000000 
0.200000000000 0.200000000000 0.100000000000 -0.100000000000 0.050000000000 -0.100000000000 1.180612125959 -0.050000000000 -0.200000000000 -0.200000000000 0.200000000000 0.000000000000 
-0.200000000000 0.200000000000 -0.150000000000 0.200000000000 -0.150000000000 -0.150000000000 -0.100000000000 4.174154090840 -0.050000000000 -0.100000000000 -0.050000000000 0.250000000000 
0.150000000000 -0.050000000000 -0.150000000000 0.050000000000 -0.050000000000 -0.100000000000 -0.200000000000 0.100000000000 4.609570827876 -0.150000000000 -0.100000000000 -0.150000000000 
0.200000000000 -0.200000000000 -0.200000000000 0.000000000000 -0.150000000000 0.150000000000 0.000000000000 -0.200000000000 -0.200000000000 3.236338086101 -0.050000000000 0.050000000000 
-0.100000000000 0.200000000000 0.100000000000 0.250000000000 -0.200000000000 0.250000000000 -0.200000000000 0.050000000000 -0.150000000000 0.150000000000 4.591260615560 0.250000000000 
-0.150000000000 0.200000000000 -0.050000000000 0.000000000000 0.050000000000 0.250000000000 0.100000000000 -0.150000000000 -0.200000000000 0.150000000000 -0.100000000000 -0.891269155044 
