9
2.279950468085 0.050000000000 0.000000000000 0.050000000000 -0.200000000000 0.250000000000 0.100000000000 -0.050000000000 0.050000000000 
0.000000000000 -1.885305586225 0.100000000000 -0.200000000000 0.200000000000 0.150000000000 0.000000000000 0.100000000000 0.200000000000 
0.050000000000 -0.050000000000 1.963969910205 -0.050000000000 0.100000000000 -0.200000000000 0.100000000000 -0.050000000000 -0.100000000000 
-0.150000000000 0.000000000000 0.200000000000 -2.890981419153 0.250000000000 0.150000000000 -0.100000000000 -0.150000000000 -0.200000000000 
-0.050000000000 0.250000000000 0.250000000000 -0.150000000000 4.229592557764 0.050000000000 -0.200000000000 0.100000000000 -0.050000000000 
0.200000000000 -0.150000000000 -0.050000000000 0.200000000000 0.100000000000 3.004237086787 0.000000000000 0.000000000000 -0.100000000000 
0.250000000000 0.050000000000 -0.050000000000 -0.200000000000 0.200000000000 0.200000000000 -3.098722168073 0.050000000000 0.200000000000 
0.200000000000 0.150000000000 0.150000000000 -0.050000000000 0.100000000000 0.250000000000 0.250000000000 2.426328224350 0.250000000000 
-0.050000000000 0.150000000000 0.100000000000 -0.050000000000 0.250000000000 0.000000000000 -0.100000000000 0.000000000000 -2.263450284827 
