9
49.000000000000 
-28.000000000000 52.000000000000 
-42.000000000000 0.000000000000 88.000000000000 
21.000000000000 -24.000000000000 -28.000000000000 58.000000000000 
21.000000000000 -54.000000000000 58.000000000000 23.000000000000 139.000000000000 
49.000000000000 -52.000000000000 -2.000000000000 -19.000000000000 53.000000000000 137.000000000000 
42.000000000000 6.000000000000 -32.000000000000 -46.000000000000 -9.000000000000 62.000000000000 159.000000000000 
42.000000000000 -54.000000000000 -4.000000000000 52.000000000000 89.000000000000 38.000000000000 -27.000000000000 125.000000000000 
7.000000000000 -16.000000000000 14.000000000000 -29.000000000000 7.000000000000 93.000000000000 19.000000000000 -62.000000000000 211.000000000000 
