11
9.000000000000 
-9.000000000000 13.000000000000 
-6.000000000000 14.000000000000 24.000000000000 
-12.000000000000 28.000000000000 56.000000000000 169.000000000000 
18.000000000000 -18.000000000000 -8.000000000000 -3.000000000000 57.000000000000 
12.000000000000 -18.000000000000 -12.000000000000 7.000000000000 19.000000000000 130.000000000000 
-3.000000000000 -7.000000000000 -30.000000000000 -69.000000000000 13.000000000000 -8.000000000000 178.000000000000 
-12.000000000000 28.000000000000 28.000000000000 47.000000000000 -45.000000000000 21.000000000000 -2.000000000000 203.000000000000 
18.000000000000 -2.000000000000 36.000000000000 84.000000000000 24.000000000000 28.000000000000 -133.000000000000 -31.000000000000 279.000000000000 
0.000000000000 16.000000000000 38.000000000000 83.000000000000 5.000000000000 -23.000000000000 -29.000000000000 29.000000000000 82.000000000000 166.000000000000 
18.000000000000 -4.000000000000 22.000000000000 36.000000000000 38.000000000000 27.000000000000 -13.000000000000 18.000000000000 108.000000000000 170.000000000000 250.000000000000 
