13
25.000000000000 
40.000000000000 100.000000000000 
-30.000000000000 -18.000000000000 65.000000000000 
-25.000000000000 8.000000000000 58.000000000000 126.000000000000 
-20.000000000000 10.000000000000 55.000000000000 94.000000000000 106.000000000000 
-20.000000000000 -2.000000000000 49.000000000000 52.000000000000 1.000000000000 173.000000000000 
40.000000000000 58.000000000000 -63.000000000000 -21.000000000000 -52.000000000000 21.000000000000 133.000000000000 
5.000000000000 50.000000000000 25.000000000000 69.000000000000 92.000000000000 -47.000000000000 -48.000000000000 204.000000000000 
20.000000000000 68.000000000000 4.000000000000 37.000000000000 48.000000000000 -62.000000000000 -6.000000000000 63.000000000000 123.000000000000 
15.000000000000 24.000000000000 -12.000000000000 -40.000000000000 -57.000000000000 -2.000000000000 0.000000000000 -3.000000000000 31.000000000000 148.000000000000 
-15.000000000000 -12.000000000000 26.000000000000 33.000000000000 -2.000000000000 98.000000000000 33.000000000000 -94.000000000000 -44.000000000000 -70.000000000000 144.000000000000 
-5.000000000000 -44.000000000000 -34.000000000000 -16.000000000000 -48.000000000000 -38.000000000000 27.000000000000 -45.000000000000 -22.000000000000 35.000000000000 -19.000000000000 246.000000000000 
15.000000000000 66.000000000000 29.000000000000 4.000000000000 15.000000000000 7.000000000000 -2.000000000000 29.000000000000 48.000000000000 12.000000000000 28.000000000000 -76.000000000000 235.000000000000 
