9
4.000000000000 
-6.000000000000 58.000000000000 
-6.000000000000 -19.000000000000 50.000000000000 
-10.000000000000 71.000000000000 -22.000000000000 94.000000000000 
2.000000000000 -45.000000000000 41.000000000000 -65.000000000000 94.000000000000 
-6.000000000000 16.000000000000 5.000000000000 29.000000000000 4.000000000000 80.000000000000 
-2.000000000000 38.000000000000 -7.000000000000 37.000000000000 -11.000000000000 17.000000000000 52.000000000000 
0.000000000000 -14.000000000000 -17.000000000000 -9.000000000000 18.000000000000 49.000000000000 -8.000000000000 148.000000000000 
0.000000000000 0.000000000000 -25.000000000000 -1.000000000000 17.000000000000 28.000000000000 -7.000000000000 80.000000000000 124.000000000000 
