9
64.000000000000 
16.000000000000 29.000000000000 
-32.000000000000 -43.000000000000 74.000000000000 
-32.000000000000 -48.000000000000 78.000000000000 100.000000000000 
-24.000000000000 -11.000000000000 19.000000000000 48.000000000000 59.000000000000 
-24.000000000000 -31.000000000000 65.000000000000 56.000000000000 0.000000000000 124.000000000000 
8.000000000000 12.000000000000 -15.000000000000 10.000000000000 44.000000000000 -26.000000000000 104.000000000000 
16.000000000000 -16.000000000000 8.000000000000 40.000000000000 40.000000000000 -42.000000000000 28.000000000000 85.000000000000 
48.000000000000 -23.000000000000 31.000000000000 16.000000000000 -46.000000000000 24.000000000000 11.000000000000 -16.000000000000 272.000000000000 
