9
49.000000000000 
-35.000000000000 89.000000000000 
21.000000000000 -47.000000000000 89.000000000000 
14.000000000000 -10.000000000000 54.000000000000 40.000000000000 
-42.000000000000 6.000000000000 58.000000000000 36.000000000000 135.000000000000 
-14.000000000000 -30.000000000000 30.000000000000 8.000000000000 73.000000000000 99.000000000000 
28.000000000000 -4.000000000000 -12.000000000000 -4.000000000000 -31.000000000000 -23.000000000000 130.000000000000 
0.000000000000 -8.000000000000 -28.000000000000 -24.000000000000 -28.000000000000 30.000000000000 -24.000000000000 132.000000000000 
-35.000000000000 -7.000000000000 -31.000000000000 -34.000000000000 -7.000000000000 29.000000000000 50.000000000000 21.000000000000 243.000000000000 
