13
36.000000000000 
-6.000000000000 17.000000000000 
-24.000000000000 -20.000000000000 88.000000000000 
36.000000000000 6.000000000000 -36.000000000000 55.000000000000 
-42.000000000000 -13.000000000000 28.000000000000 -56.000000000000 139.000000000000 
-36.000000000000 -10.000000000000 66.000000000000 -51.000000000000 49.000000000000 91.000000000000 
30.000000000000 15.000000000000 -74.000000000000 41.000000000000 -82.000000000000 -49.000000000000 167.000000000000 
-6.000000000000 25.000000000000 -2.000000000000 17.000000000000 -96.000000000000 -1.000000000000 57.000000000000 159.000000000000 
24.000000000000 8.000000000000 -28.000000000000 49.000000000000 -20.000000000000 -30.000000000000 -12.000000000000 -1.000000000000 118.000000000000 
-24.000000000000 -28.000000000000 28.000000000000 -57.000000000000 66.000000000000 25.000000000000 -33.000000000000 -20.000000000000 -79.000000000000 227.000000000000 
12.000000000000 -34.000000000000 40.000000000000 -6.000000000000 -12.000000000000 -21.000000000000 -53.000000000000 0.000000000000 -10.000000000000 156.000000000000 247.000000000000 
30.000000000000 -21.000000000000 16.000000000000 35.000000000000 15.000000000000 -38.000000000000 -82.000000000000 -56.000000000000 88.000000000000 -32.000000000000 38.000000000000 247.000000000000 
36.000000000000 -10.000000000000 -6.000000000000 44.000000000000 -59.000000000000 -15.000000000000 6.000000000000 76.000000000000 35.000000000000 20.000000000000 65.000000000000 57.000000000000 298.000000000000 
