9
0.200000000000 -0.125000000000 0.008333333333 0.375000000000 0.333333333333 0.050000000000 -0.200000000000 0.183333333333 0.283333333333 
-0.308333333333 -0.266666666667 0.033333333333 0.150000000000 0.066666666667 0.358333333333 0.275000000000 -0.316666666667 -0.141666666667 
0.050000000000 0.333333333333 0.250000000000 0.141666666667 0.250000000000 0.016666666667 -0.158333333333 -0.158333333333 -0.358333333333 
0.408333333333 -0.241666666667 0.291666666667 0.166666666667 0.266666666667 0.400000000000 -0.391666666667 0.000000000000 0.258333333333 
-0.408333333333 -0.275000000000 0.266666666667 0.250000000000 -0.216666666667 -0.283333333333 0.000000000000 -0.108333333333 0.350000000000 
-0.141666666667 -0.100000000000 -0.100000000000 -0.400000000000 -0.166666666667 0.316666666667 0.083333333333 -0.116666666667 -0.200000000000 
-0.291666666667 -0.175000000000 0.416666666667 0.258333333333 -0.183333333333 0.133333333333 -0.208333333333 -0.133333333333 0.225000000000 
0.400000000000 0.083333333333 -0.016666666667 0.266666666667 -0.233333333333 0.408333333333 0.266666666667 -0.050000000000 0.183333333333 
-0.150000000000 0.283333333333 0.041666666667 0.091666666667 -0.225000000000 0.100000000000 0.375000000000 0.316666666667 -0.358333333333 
