9 9
0.208333333333 0.000000000000 0.025000000000 0.075000000000 -0.041666666667 -0.266666666667 -0.083333333333 0.125000000000 0.158333333333 
-0.333333333333 0.191666666667 -0.233333333333 -0.341666666667 0.383333333333 0.041666666667 0.000000000000 0.416666666667 -0.241666666667 
-0.341666666667 0.175000000000 0.066666666667 -0.408333333333 0.025000000000 0.000000000000 0.416666666667 0.108333333333 -0.066666666667 
0.075000000000 -0.066666666667 -0.125000000000 0.175000000000 -0.225000000000 -0.275000000000 0.341666666667 0.325000000000 -0.083333333333 
-0.133333333333 -0.175000000000 -0.075000000000 0.266666666667 0.216666666667 -0.083333333333 0.408333333333 -0.300000000000 -0.325000000000 
0.316666666667 0.391666666667 0.075000000000 0.241666666667 0.283333333333 -0.016666666667 0.141666666667 0.250000000000 0.283333333333 
-0.158333333333 0.283333333333 -0.300000000000 -0.225000000000 -0.308333333333 -0.041666666667 -0.341666666667 0.158333333333 -0.250000000000 
0.275000000000 0.241666666667 0.341666666667 0.400000000000 0.066666666667 0.366666666667 0.125000000000 -0.008333333333 -0.025000000000 
0.141666666667 0.075000000000 0.083333333333 0.383333333333 0.100000000000 -0.033333333333 0.416666666667 0.208333333333 0.158333333333 
-0.300000000000
0.033333333333
0.150000000000
0.300000000000
0.416666666667
0.308333333333
0.133333333333
-0.008333333333
-0.008333333333

