0.400000000000 -0.200000000000 0.000000000000 -0.150000000000 -0.350000000000 -0.400000000000 -0.100000000000 0.500000000000 0.500000000000 -0.100000000000 
-1.000000000000 0.300000000000 -0.200000000000 -0.550000000000 -0.400000000000 -0.800000000000 -0.250000000000 0.250000000000 0.950000000000 0.350000000000 
0.625000000000 0.583333333333 -0.183333333333 0.714583333333 0.202083333333 0.466666666667 0.558333333333 -0.558333333333 -0.716666666667 -0.341666666667 
0.375000000000 0.083333333333 -1.727272727273 1.536363636364 0.613636363636 0.772727272727 0.872727272727 -1.222727272727 -1.704545454545 -0.581818181818 
-0.125000000000 1.250000000000 0.000000000000 0.467825443787 0.319175295858 0.488498520710 0.291715976331 -0.127977071006 -0.677570266272 -0.077810650888 
0.000000000000 0.833333333333 -2.272727272727 1.290310650888 0.315914489311 0.275890736342 -0.190973871734 0.440855106888 -0.207007125891 0.157125890736 
0.375000000000 1.750000000000 0.000000000000 0.955991124260 2.019639650078 -0.091744275170 -0.966001438426 0.642829919259 1.178986382201 0.102777894438 
-1.000000000000 -1.166666666667 1.000000000000 -1.208210059172 -1.808875499681 -0.481169219785 -0.300439514754 0.046451438035 -0.655480579154 -0.137225676900 
1.125000000000 2.083333333333 -0.636363636364 1.314349112426 0.780603673020 4.228772718205 -0.488030933143 -30.832234914992 -19.287608916858 -4.403904613240 
-0.250000000000 1.166666666667 -3.454545454545 2.292899408284 -0.876426626499 5.624696828113 -2.043699314846 -5.811481520804 0.027481247522 -1.947979204622 
