0.250000000000 0.000000000000 0.050000000000 0.000000000000 0.100000000000 -0.200000000000 0.000000000000 -0.050000000000 -0.150000000000 0.150000000000 -0.200000000000 0.150000000000 -0.100000000000 -0.150000000000 -0.050000000000 0.050000000000 -0.150000000000 -0.050000000000 -0.100000000000 -0.150000000000 0.100000000000 -0.050000000000 0.100000000000 -0.050000000000 0.100000000000 0.000000000000 0.150000000000 0.200000000000 0.250000000000 -0.050000000000 
-0.200000000000 -0.200000000000 0.260000000000 0.100000000000 -0.030000000000 0.010000000000 0.250000000000 -0.210000000000 -0.080000000000 -0.020000000000 -0.090000000000 -0.170000000000 0.180000000000 -0.080000000000 -0.060000000000 0.210000000000 0.220000000000 0.240000000000 -0.070000000000 -0.130000000000 0.070000000000 0.040000000000 0.170000000000 0.140000000000 0.170000000000 0.050000000000 0.080000000000 0.290000000000 0.250000000000 -0.060000000000 
1.000000000000 -0.500000000000 0.080000000000 -0.050000000000 0.135000000000 0.305000000000 -0.025000000000 -0.155000000000 0.310000000000 -0.310000000000 0.305000000000 -0.085000000000 0.040000000000 0.160000000000 -0.030000000000 0.305000000000 0.060000000000 0.270000000000 0.115000000000 0.035000000000 0.185000000000 -0.030000000000 -0.115000000000 0.270000000000 -0.115000000000 0.175000000000 -0.060000000000 -0.055000000000 -0.175000000000 0.120000000000 
0.800000000000 -0.000000000000 0.750000000000 -0.062500000000 0.068750000000 -0.068750000000 0.168750000000 0.306250000000 0.137500000000 -0.037500000000 -0.218750000000 0.093750000000 -0.100000000000 0.250000000000 0.212500000000 -0.368750000000 0.125000000000 0.087500000000 0.043750000000 0.293750000000 -0.318750000000 0.312500000000 -0.193750000000 -0.312500000000 -0.043750000000 0.118750000000 -0.275000000000 0.131250000000 -0.218750000000 -0.200000000000 
-0.800000000000 -1.250000000000 7.687500000000 -10.550000000000 -0.220000000000 -3.167500000000 2.435000000000 4.320000000000 -1.302500000000 2.232500000000 -4.825000000000 1.750000000000 -1.267500000000 1.387500000000 2.357500000000 -5.682500000000 0.862500000000 -1.042500000000 -0.490000000000 2.397500000000 -4.417500000000 3.387500000000 -0.767500000000 -5.137500000000 0.615000000000 -0.180000000000 -2.170000000000 2.430000000000 -0.200000000000 -2.897500000000 
0.200000000000 0.250000000000 1.562500000000 -3.250000000000 -1.136363636364 -4.161931818182 3.242045454545 6.109090909091 -1.367613636364 2.874431818182 -6.407954545455 2.288636363636 -2.052840909091 2.139204545455 3.441477272727 -8.294886363636 1.267613636364 -1.222159090909 -0.606818181818 3.686931818182 -6.282386363636 4.811931818182 -1.384659090909 -7.250568181818 0.573863636364 -0.104545454545 -3.365909090909 3.161363636364 -0.677272727273 -4.305113636364 
-0.200000000000 1.000000000000 -3.750000000000 7.000000000000 -0.340909090909 -0.167030716724 -0.353365187713 -0.131866894198 -0.172467576792 0.441197952218 -0.140211604096 0.403863481229 0.025010238908 -0.369675767918 -0.371474402730 0.152283276451 -0.544235494881 -0.309535836177 -0.293402730375 -0.391839590444 0.319682593857 -0.591430034130 0.282071672355 0.337511945392 0.130511945392 -0.353825938567 0.498017064846 -0.018546075085 0.743692832765 -0.006870307167 
0.400000000000 -0.000000000000 -2.750000000000 3.800000000000 -0.090909090909 -0.262389078498 -1.449041879153 0.384605354659 -0.537168714264 0.976488371195 -0.523186138155 0.794819193324 0.062370576418 -0.398235396384 -0.340957734508 -0.052413653222 -0.677602959357 -0.283984314635 -0.488920761861 -0.392426788750 0.093212988719 -0.486453987019 0.305641515994 0.319553585226 0.255601916242 -0.376503824757 0.361197071550 0.293542342760 1.031751274919 -0.092979253593 
0.400000000000 1.000000000000 -6.000000000000 8.000000000000 -1.363636363636 0.413105802048 -1.078619996909 -0.195072889592 -0.551981265931 0.873245062217 -0.435676724300 1.131577579388 -0.091225248302 -0.168096960108 -0.324112831331 0.331833352168 -0.816727439384 -0.405979081127 -0.229346944413 -0.552972589495 0.584425986615 -0.801341017817 0.339290315290 0.315953340616 0.442203764393 -0.357355633405 0.939016586934 0.244916688640 1.260486683994 0.251782875655 
0.600000000000 0.500000000000 -2.000000000000 2.400000000000 -0.272727272727 0.017747440273 -0.499632977901 0.374087467510 -0.731586357157 0.441848988202 -0.295256411802 1.018953623880 0.103175595321 0.031738909435 -0.323292239096 0.445898064028 -0.703211502686 -0.368056081914 -0.034348540070 -0.295091206073 0.549135783527 -0.411307601352 0.180071787434 0.307780922532 -0.019356498380 -0.054609745966 0.928596264269 -0.123277873874 0.965237507262 0.231728132676 
-0.800000000000 0.500000000000 0.125000000000 3.100000000000 0.386363636364 -0.308464163823 1.233116983465 -0.876347609899 1.307462817622 -0.839514196266 0.298743761642 -0.520716656486 0.271196806984 -0.547924983957 -0.052648912849 0.383598488491 0.187549761519 -0.234569022407 0.211498382650 0.105519140810 0.063243290037 0.405926351916 0.057000574822 0.082540247884 -0.346952672585 0.000041021772 0.094408121225 -0.442294624103 -0.257238018317 0.078847413178 
0.600000000000 -0.750000000000 0.187500000000 -2.950000000000 0.250000000000 -0.218498293515 -2.659094421264 2.363928127472 -2.564442859177 2.753563389984 -0.281844940787 -0.768069884490 -0.861709239254 0.243534592664 0.442493986444 -1.349181416475 0.623224093793 0.415562323014 0.146542738039 0.368669334792 -0.816626643859 0.211274439913 -0.275313146269 -1.009273792957 0.913976027653 -0.439706744574 -0.874800755681 0.677893585709 -0.432317152571 -0.762430066088 
0.000000000000 1.000000000000 -0.125000000000 -2.300000000000 -1.386363636364 1.134402730375 0.189576572400 0.335201717708 -0.712780883860 0.092258959152 0.079159219989 -0.931805836651 -0.958071568995 0.372986892825 0.409334821517 -0.441723916498 0.011669652302 0.040383333374 0.523069558064 0.375418978588 -0.169393390937 -0.230680088930 -0.215022882029 -0.843649186883 1.252293852256 -0.152069552188 -0.164574850258 0.545346418769 -0.343878114211 -0.194377978918 
0.600000000000 0.250000000000 -0.562500000000 3.250000000000 1.818181818182 -1.506894197952 0.047693555865 0.669510679173 -0.838250454842 0.547834453416 0.318430303777 0.362398619157 0.445047117196 0.284509203860 0.212725694043 -0.305108191666 0.043947477206 -0.136372661572 -0.308848461491 -0.020505873919 -0.059973594241 0.083817463314 -0.183585025462 0.308703072442 -1.002574336349 0.146060085385 -0.053570039796 -0.524681649054 -0.263741175181 -0.072278657658 
-0.200000000000 -0.250000000000 0.937500000000 -3.550000000000 -1.500000000000 1.253924914676 -1.053353422964 0.001966323878 0.673896516724 -0.562932594389 -1.495188356699 0.310471113924 -1.173360943325 -1.329779442780 0.271273378112 0.751220720796 -0.241590847384 -0.896555674329 0.336810924399 0.271713731448 0.105318420156 0.153532423417 0.161026751096 0.220514733646 -0.420338081666 0.121580629529 0.657828365746 -1.023273867127 -0.480090194353 0.388670975184 
1.000000000000 -1.250000000000 0.937500000000 -0.350000000000 2.000000000000 -1.474675767918 -1.007359758924 1.237868685727 -1.606795011140 1.618565309597 0.366821108923 0.575558696018 0.322397835268 0.551134072617 -0.172059519959 0.185632488492 0.426191342735 -0.001925864566 -0.200514717117 0.165809863476 0.282511818981 -0.022850323626 -0.009148659132 -0.060383546508 -0.044090173430 0.012163127882 0.111393473040 0.232363982983 0.003082180510 -0.144197999419 
-0.200000000000 0.750000000000 0.187500000000 1.850000000000 -0.181818181818 0.144982935154 1.761107247721 -1.190902926884 1.280875784855 -1.631659224499 0.592230001091 -0.772368502021 0.387307591929 0.497830522388 0.079233559143 -2.892519941641 1.231555412238 0.239143942150 -0.466521142661 0.313539437634 0.811693734669 0.015455078045 0.199216607534 -0.634200042719 0.381442424441 -0.092106952812 0.027847943151 1.029565744491 0.171109393775 -0.535378887713 
0.400000000000 -0.500000000000 3.250000000000 -1.000000000000 1.022727272727 -0.604163822526 1.009194869417 -0.049949146796 0.719115229773 -1.971385512027 -0.218212209932 -0.952323710203 0.322019352466 0.710981682096 0.179110618043 -4.671847510579 2.098130239801 -0.179280173382 0.546987046810 0.628206033775 -1.027125316489 0.318478598178 -0.374561445124 -0.053295428887 -0.159139668635 -0.061786012289 0.279314761298 -0.480846199826 -0.060422918286 -0.324471828517 
-0.400000000000 -0.750000000000 3.937500000000 -8.350000000000 -0.727272727273 0.997406143345 -0.657317261629 -0.125076279806 0.192505562969 -0.558565407672 -1.276710132742 -0.314320102555 -0.211902285216 -1.137881785321 0.018982000555 -0.929256860671 0.435092173341 2.411881364880 -1.293687003161 -1.287094011577 2.226471283974 -0.391248947951 0.821228323851 0.635633045366 -0.594536404092 0.065896726666 -0.145585236274 0.046692778814 -0.259568667478 0.505730781835 
0.400000000000 -0.000000000000 2.875000000000 -3.900000000000 -0.409090909091 0.507167235495 0.051286509040 1.132862470336 -1.237635218472 0.774884942565 -0.952285156850 1.042754291364 -1.252125512177 0.831068396314 1.042924579941 0.824947836733 -0.063509735858 -1.716362352749 -1.532493106812 -0.766466396219 1.797151064279 -0.106793317883 0.785547931755 -0.295931269279 0.779077429203 -0.066895326699 0.137892209894 0.475770848537 -0.531254112408 0.865322021562 
-0.800000000000 -1.250000000000 4.562500000000 -3.250000000000 1.818181818182 -0.972286689420 0.707695873899 -1.095762233021 1.115228635629 -0.323463237371 0.614816146878 0.694879278789 -0.379822858947 -1.398944590372 0.908174772484 -6.393823301331 2.184047480583 -2.626481930851 -0.053983273480 -2.424961571575 1.811523981040 -0.001507429511 0.245230783971 0.724757788362 -1.039704469895 0.644001675362 1.245827609468 -0.538958164924 -1.504124095230 0.891182746060 
0.400000000000 1.000000000000 -0.375000000000 -2.100000000000 -0.386363636364 0.236382252560 -1.469962138773 2.070098316194 -2.488331186701 2.145829117882 -0.663026384576 0.400427051900 0.423082557986 0.110325444121 1.476720728723 -5.751777753319 2.444964125347 -2.888083199663 -1.002531764711 -0.579253928557 0.005466463692 0.265222117915 -0.612428939427 0.781662937859 -1.567830624433 -0.057290250402 0.218977340562 -1.054953930719 -1.118298294450 0.234506723031 
0.200000000000 -0.000000000000 3.000000000000 -1.600000000000 1.431818181818 -0.913105802048 0.795626641941 1.463080574076 -1.828518842211 0.079577681680 0.121356632536 -0.945348398641 1.621306780717 1.319977470004 0.238340122551 -4.084070177147 1.662228470909 -0.053470194451 -0.002043670016 -0.461030882851 0.038399047129 0.823991561658 0.739954790293 -0.956081687305 1.247226084388 -0.139108369264 -0.137080520087 1.103383702183 0.871037859918 0.224885876559 
0.800000000000 -0.000000000000 -1.750000000000 3.000000000000 1.136363636364 -1.141160409556 -1.224366403956 1.952412702000 -2.096191817443 1.261573054452 -1.240257045430 0.772815925994 -0.352245012114 -1.368759377139 3.006987804333 -11.044775970817 4.585318874017 -4.308133065022 -1.121637522551 -1.268158876849 -0.114125418826 -0.215459031760 -2.254037666895 0.117223581147 -0.381360503259 -0.145271536493 0.807957990870 0.575768610697 0.376636688323 0.827360607719 
1.000000000000 -0.500000000000 1.000000000000 -4.000000000000 -1.250000000000 1.005392491468 -1.865554010199 0.356108034806 -0.392053155185 1.399560902807 -2.164333901810 2.119005078622 -2.856513265570 -2.147647937347 2.452076043252 -4.307781330093 1.693000089608 -1.532326970433 -0.404971654779 -0.592456152602 0.234525361278 -0.771506817371 -1.585393247793 -5.649467253831 -1.914880941983 -1.107339517927 4.457783517750 4.146347991264 1.766867023859 5.231960329691 
-0.400000000000 0.250000000000 -2.437500000000 3.950000000000 0.431818181818 -0.600750853242 -0.866481223922 0.741869137756 -0.022495503902 -0.005000532400 0.968409466130 -0.897476122445 1.242647805154 1.601603131949 -1.279616562680 1.805618034458 -0.730828488512 2.067667552649 0.674296707008 0.252774828460 -0.061774308810 -1.323503114421 0.083972068421 -0.203775336696 0.370705579717 -0.142221847017 -1.264757759024 -2.000668483852 -1.507474676327 -1.337854511577 
1.000000000000 0.500000000000 -1.000000000000 4.800000000000 0.363636363636 -0.452150170648 0.366655076495 -0.208871058877 0.640770408054 -0.451512289793 2.661730630087 -1.090234058937 1.711463081495 2.715859704978 -3.134274617316 9.992558823672 -3.939466865591 4.548231733434 1.271753791960 1.550166020927 -0.345258627125 -2.305769404878 0.090530314225 1.985961665683 0.220766134922 -0.148266447424 -2.549606806838 -3.377763536123 -2.815613427341 -2.395899101147 
-0.600000000000 -0.250000000000 1.187500000000 1.050000000000 -0.090909090909 0.203139931741 0.770379384948 -2.513447847214 3.044255913398 -0.978560563880 1.568150922703 0.195757753236 -0.421544520151 -0.616852928329 -0.619493298737 1.651461456935 -0.966123655379 -1.503905056062 -0.163706886308 -0.647223246930 -0.010236030326 -0.158314787901 0.407202797831 7.935615904636 -1.192679732123 0.810841796246 -0.145626335923 0.555846661138 -1.103369469969 0.196117725025 
-0.800000000000 -0.750000000000 2.312500000000 -6.250000000000 -1.022727272727 1.039658703072 -1.046283418328 -0.380020341281 0.149164223935 1.097110589418 -2.273451702742 2.161970891930 -2.719288109200 -3.684645706844 4.058551559752 -10.692392841619 4.285871076140 -5.958874849416 -1.530648286905 -2.010894351164 0.496754408826 1.659741234079 -0.962123788042 -3.543412025996 0.186357788526 0.791694066753 -1.051374148624 1.279380846167 1.704601863839 -0.115228103026 
1.000000000000 -0.500000000000 -1.500000000000 2.800000000000 1.159090909091 -1.075563139932 -0.649860917942 0.865159905074 -0.781580852195 0.584753623600 0.063971960184 0.579547488426 0.048116873368 0.080611059512 -0.559032763256 3.102716110266 -1.027636192231 0.836465029303 -0.099087281263 0.721947094601 -0.103815313669 0.377608541689 0.300740773616 1.358908327604 -0.133610524163 -1.911513578823 1.215364135323 -0.595374860878 0.095499320557 0.032023339230 
