-0.100000000000 -0.100000000000 0.200000000000 0.000000000000 0.100000000000 0.050000000000 0.150000000000 -0.050000000000 0.050000000000 0.250000000000 0.150000000000 0.200000000000 -0.100000000000 0.150000000000 -0.050000000000 0.200000000000 -0.150000000000 -0.150000000000 -0.050000000000 -0.100000000000 0.150000000000 -0.100000000000 0.100000000000 -0.100000000000 0.250000000000 0.050000000000 0.250000000000 0.000000000000 0.100000000000 -0.200000000000 0.050000000000 0.050000000000 -0.050000000000 
-0.000000000000 -0.150000000000 -0.150000000000 0.250000000000 0.050000000000 -0.200000000000 0.000000000000 -0.050000000000 -0.100000000000 0.150000000000 0.150000000000 0.050000000000 0.050000000000 0.000000000000 -0.050000000000 0.250000000000 0.100000000000 0.050000000000 -0.150000000000 0.000000000000 0.000000000000 0.050000000000 -0.150000000000 0.150000000000 0.200000000000 -0.200000000000 0.150000000000 -0.050000000000 0.200000000000 0.050000000000 0.200000000000 -0.200000000000 -0.100000000000 
-0.500000000000 -1.333333333333 -0.050000000000 0.533333333333 0.366666666667 -0.241666666667 0.025000000000 0.008333333333 -0.308333333333 0.325000000000 0.075000000000 -0.033333333333 0.216666666667 0.175000000000 0.158333333333 0.533333333333 0.108333333333 0.091666666667 -0.075000000000 -0.150000000000 0.325000000000 0.216666666667 -0.300000000000 0.350000000000 0.641666666667 -0.191666666667 0.375000000000 -0.066666666667 0.166666666667 -0.033333333333 0.441666666667 -0.141666666667 -0.358333333333 
-0.500000000000 1.666666666667 -7.000000000000 3.516666666667 2.433333333333 -1.433333333333 0.050000000000 0.066666666667 -2.116666666667 2.000000000000 0.250000000000 -0.116666666667 1.183333333333 1.300000000000 1.166666666667 3.416666666667 0.716666666667 0.383333333333 -0.400000000000 -1.200000000000 2.350000000000 1.333333333333 -1.700000000000 2.150000000000 4.283333333333 -0.783333333333 2.700000000000 -0.533333333333 0.933333333333 -0.266666666667 2.983333333333 -0.683333333333 -2.516666666667 
-2.500000000000 0.666666666667 -10.000000000000 1.497630331754 0.389099526066 0.238270142180 0.700118483412 -0.258175355450 0.128317535545 0.829739336493 0.800592417062 0.158056872038 0.161137440758 0.078080568720 -0.055568720379 0.599763033175 -0.281635071090 0.184241706161 -0.325947867299 0.247156398104 -0.044431279621 -0.013507109005 -0.004028436019 0.030094786730 0.343483412322 -0.585189573460 0.031398104265 0.315402843602 0.535545023697 -0.267298578199 0.190402843602 -0.134952606635 0.327369668246 
0.500000000000 -0.666666666667 4.000000000000 -0.616113744076 -0.473203410475 -0.012012789281 0.037104141291 -0.122761875761 -0.051720462850 0.399862971985 0.057871498173 0.169579780755 0.021985383678 0.312895858709 -0.049162606577 0.372198538368 0.016610840438 0.065027405603 -0.175685140073 0.277618757613 0.051842265530 0.131760048721 -0.049299634592 0.138885505481 0.293224725944 -0.301202801462 -0.046635200974 0.053989037759 0.095127892814 0.025883069428 0.519838611449 0.073462241169 0.046026187576 
2.000000000000 -0.333333333333 8.000000000000 -1.132701421801 -1.440316686967 -40.482889733842 1.967110266160 -5.199429657795 -2.073193916350 16.598098859316 3.129087452472 6.993916349810 0.895817490494 12.601901140685 -1.832129277567 15.218250950571 0.795247148289 3.065399239544 -7.534790874525 11.585551330799 1.796577946768 5.208174904943 -1.677186311787 5.501140684411 11.900380228137 -12.607034220533 -2.384410646388 2.602471482890 4.362927756654 1.094106463878 21.231368821294 2.972243346008 2.617490494297 
-1.500000000000 -0.000000000000 -6.000000000000 0.981042654028 -0.609622411693 -27.172370088721 0.920621114010 1.153181276376 1.033024064946 -3.696593215425 -0.140399793821 -1.370052511195 -0.039980992880 -2.902209980349 0.047406655713 -3.132993460262 -0.630537031668 -1.093871009310 1.831617860249 -3.044420282852 -0.602826906350 -1.530814084598 0.069781901356 -1.381513160014 -2.705868045488 2.758646628652 1.073275667665 -0.613380690055 -0.620912663896 -0.905292999581 -5.656502689991 -0.827057762314 -0.815547179537 
1.500000000000 -0.666666666667 8.000000000000 -1.123222748815 -0.300243605359 1.116603295311 -0.025450211011 0.153588818831 0.082365438500 -0.035738380653 -0.117241290204 0.265480962904 -0.168082168628 0.125720264053 -0.130271693127 -0.029344911009 0.243952100660 0.234297712867 -0.049060297408 0.628793451205 -0.018343232046 0.014116281474 0.090957483958 0.271074829799 -0.069691291461 -0.288782164997 -0.156325375252 0.045803080800 -0.040682242938 0.558206247084 0.861779980389 0.237588662389 0.486995018983 
-0.500000000000 -1.333333333333 2.000000000000 -0.208530805687 -0.280755176614 -0.804816223067 0.209368254889 0.887006612489 -4.503038145129 0.189687773988 -0.560058948325 1.286273061667 -1.065943605650 0.921799772415 -0.265294173511 0.157710936135 1.316728537535 1.275857133409 -0.809349652093 3.498840705548 -0.129738633030 0.194606720041 0.703527063488 1.512875189301 0.028705511058 -1.686212519227 -1.247406256730 0.192903306770 -0.141019029320 2.811064512464 4.755090143793 1.201588687891 2.730817628195 
-1.500000000000 1.000000000000 -13.000000000000 1.914691943128 0.276492082826 -0.986058301648 0.049450726459 0.011390969357 2.108978087707 1.751189060642 1.531926278240 -2.879087395957 2.505380499405 -2.121655766944 0.595793697979 -0.138510701546 -3.097086801427 -2.421640903686 1.755291319857 -7.438436385256 0.147785374554 -0.563272889417 -1.734215219976 -2.965279429251 0.198617717004 3.101887633769 2.595481569560 -0.385582639715 0.349420332937 -6.167063020214 -10.815561831153 -2.991379310345 -5.589209274673 
-1.000000000000 -0.666666666667 -4.000000000000 0.654028436019 -0.235079171742 -11.941698352345 0.495634805580 0.959727231331 -2.027300061560 2.692391799952 0.665733842115 -0.771257439792 0.832129993163 -0.320500167639 0.102924355948 -0.076697708294 -0.664323391434 -1.048309824509 0.424729532528 -2.455692715897 0.223510111289 0.415687034562 -0.668766327275 -1.190854528917 0.228779650839 1.368285147028 1.250033799133 -0.003335968283 0.099527906388 -1.733996762777 -2.698168465173 -0.598960166746 -2.386276545363 
-1.000000000000 -1.000000000000 -6.000000000000 0.938388625592 0.685140073082 34.814955640052 -0.822718340260 -0.120874178328 0.220934117276 -3.953038362851 -1.160991721357 -1.775192775627 0.155260684267 -0.415884232375 -0.292230983099 -0.400564597588 0.396377578554 0.309156925000 -0.409165226024 0.351937205516 -0.614904391638 0.620812816103 -0.246656617265 0.099355421421 0.165812815876 -0.187844208586 0.022350416171 0.370566453131 0.393672062413 0.923802342801 0.165684764484 -0.117343453685 0.502102907900 
-0.500000000000 1.333333333333 -9.000000000000 1.341232227488 0.179049939099 -16.352344740178 0.363132631036 -0.083147790669 2.334557183776 2.142607037809 0.811674605071 1.371753087321 -0.003158220308 0.333396789106 0.024016636084 -0.076724815513 -0.078090525015 0.269398117821 0.100423933684 0.737424895256 -0.156411612642 -0.277500185390 0.393988993476 0.335929902139 -0.497928386737 -0.604091191549 -1.018147575338 -0.339210348906 -0.366534203313 0.100535470486 0.148647382860 0.230616716419 0.608081595013 
1.000000000000 -1.666666666667 8.000000000000 -1.137440758294 0.174177831912 -10.669201520913 -0.086015270127 -1.375502501683 4.988157763084 1.148536695484 0.957260656590 -0.739787651883 2.283414792271 4.658290975984 0.285520401465 2.115566053990 -1.304704542340 -3.745568645137 0.423380948355 -6.177075875451 2.206265523129 0.394954152159 -1.875695818626 -2.678959173963 2.327027697097 4.470518494771 6.133725539805 0.645183532965 1.467025964754 -4.651812865562 -2.921467515555 -1.153031719316 -6.384950379216 
-1.500000000000 -0.666666666667 -1.000000000000 0.227488151659 0.504872107186 -12.967046894804 0.237041332431 -0.125045047058 0.202489871436 3.277564303148 1.070184426020 0.871200890287 1.215724756465 1.741978961261 0.691485477355 -0.591027177574 0.061681256607 0.770196520560 0.436385106400 1.184976241062 -0.270686824833 -0.858411449509 0.780630605921 0.363815684791 -0.539952217762 -1.135837884534 -2.076907611626 -0.713147605484 -0.755757905759 0.511210716964 0.851401826365 0.293189625173 1.638407412098 
-2.000000000000 1.000000000000 -16.000000000000 2.426540284360 -0.097442143727 17.931558935362 -0.085628684643 1.302915976411 -2.800844202425 -1.870807667206 -0.810494743087 -0.615531029641 1.438752538932 0.332739293588 2.302392027575 8.127364313686 2.244507415732 3.240891432582 -4.076111238556 5.022511729727 -2.226754426421 5.377161966430 -1.874187158699 3.226100524457 -1.588905572425 -1.543050861292 2.450804183296 4.477010126344 2.217794120386 6.546416607218 0.014165261172 0.227302149972 2.050729921919 
0.500000000000 -0.666666666667 7.000000000000 -0.971563981043 -0.306333739342 -13.631178707225 0.162075964048 -0.920644543090 7.667652530488 -1.431104440650 0.220670315911 -0.595048159936 -1.036876621141 -0.332374467324 -0.440574445319 -1.076178422869 -0.138583784033 -0.644093268949 -0.592084572984 -0.460598975926 -0.482010612146 0.439314602760 0.034484565664 -0.366913637722 0.208641284135 0.838963055757 0.947923582961 0.127884372298 0.374413348919 -0.361197053261 -0.958582088593 0.131871185061 -0.631321849899 
1.000000000000 -0.000000000000 -1.000000000000 0.165876777251 -0.352009744214 9.992395437263 -0.130955832608 0.435477247394 0.405480023539 -0.328829132880 0.079220988786 -0.068809842363 -0.524547153069 -0.886577808181 0.768428492137 4.007469558721 0.748866523143 2.203302516471 1.798975289300 -0.389264419837 1.625510187665 -1.274220782653 0.369435129212 -0.178228498303 0.447917035346 -1.009736123913 -2.196872053837 -0.852223000527 -0.662021118171 -0.543979059877 3.001485352473 -0.322732578245 0.339733866559 
0.500000000000 -1.000000000000 4.000000000000 -0.578199052133 -0.153471376370 -8.281368821293 0.212815308785 0.069783131588 -1.882157617240 -0.113253779514 -0.175297307187 -0.443868410256 2.305440824283 2.957840222433 1.452574503425 3.167030294607 0.339774480938 -0.088698419276 0.199213124511 -0.266751865934 -0.135308804206 0.226425125618 -0.317871599798 0.030045930229 0.120186329216 0.734810656862 0.978555012728 -0.037919286507 -0.128665444985 0.214033250118 -0.701365037357 0.135902765489 -0.719528075487 
0.500000000000 1.000000000000 1.000000000000 -0.279620853081 0.292326431181 12.801013941699 -0.414645146741 -0.497460603030 2.674446172344 -1.386343906735 -0.254714735377 -0.378623480758 -0.887416836255 -0.516649430347 -0.256422963275 -0.108286996929 0.097555014161 1.040405899553 0.525085580816 1.860939585700 0.269914573201 -0.050627463060 -0.133946371228 -0.306644726438 0.036029259448 -1.052928770963 -1.039911673585 0.093704173718 0.545679776271 -0.655515531903 0.199932696076 -0.304401006379 0.947914257670 
-1.500000000000 1.666666666667 -16.000000000000 2.379146919431 0.627283800244 28.942965779469 -0.461099835701 1.301306853578 -6.551100702258 3.967893127587 1.131099666736 0.319870049338 0.477363522685 0.993561178999 -0.962001191964 -2.874802259644 -0.236393395113 0.862806411555 0.823565427245 3.100826506444 3.126104859636 -0.236727200671 1.133008219365 0.167366187885 -0.902368135921 2.171025158479 1.743297288910 0.950281016780 -1.386276895326 0.848354380774 1.089198285817 0.682893042285 -1.741958936011 
-0.500000000000 -1.000000000000 -1.000000000000 0.208530805687 -0.104750304507 11.888466413182 -0.141425856126 0.404536553069 2.735078493189 -2.864438593511 -0.875063896789 0.098775503751 -4.928231997456 -7.511755119292 -3.368561501679 -6.806553834595 -0.857166132711 0.065709328046 -0.377670939129 -1.130331468589 -0.960209984559 -1.818283460512 1.231651128730 -0.013401158954 -1.561312405717 3.078784803812 2.148915088625 2.071846026206 -1.612582669131 0.959886180198 1.616652607251 0.359731230673 -2.593065983614 
-1.000000000000 -0.666666666667 -7.000000000000 1.123222748815 0.300243605359 -1.116603295311 -0.025385780097 -0.209363362843 3.276351648128 1.003938651623 0.825672459178 -0.557119538975 0.497244319991 1.486931292068 0.378055128612 0.082656562057 0.215798789811 1.123850839468 0.573559725027 1.071837381194 -0.628141024997 4.021013985629 -3.394946863762 -1.381633558583 -1.667290402986 0.230209108362 -2.182145891177 2.601374378538 0.087367705782 -0.909042219130 1.651151208308 -2.027721213453 -0.286679918575 
-1.000000000000 0.333333333333 -3.000000000000 0.374407582938 0.314250913520 3.875792141952 -0.029251634934 0.192116974290 0.629602370143 -0.612303425031 -0.257906146201 0.238843500053 -0.071690081230 -1.013753374096 1.233592224014 4.593939963922 0.547908932786 0.363234530887 0.092423757468 -1.441274719064 -1.065108531031 -2.085670798595 1.424286582385 -0.576851869550 -0.301874512562 -0.015284879827 -0.956223700906 0.411687989119 0.029924604292 -0.242921870027 0.240405050687 -0.119128918779 0.040269466612 
-0.000000000000 -1.666666666667 1.000000000000 -0.061611374408 -0.471376370280 5.632446134347 -0.025869011952 0.344862121081 1.252614602430 0.190278088205 0.407731868967 -0.945001791981 1.654436526468 1.870930553249 2.359637891886 7.428885086907 0.959583517836 1.794852780236 0.435279610863 2.344191686624 1.801453085675 2.388215460695 -1.676680442208 0.133642669898 1.755158999416 0.556297007946 1.259020221103 -0.369494099805 -0.166243210103 0.686749507174 1.030589819789 -0.398494491134 -1.072308975780 
-2.500000000000 2.666666666667 -16.000000000000 2.251184834123 1.042021924482 2.490494296578 0.020585677008 0.583935590389 -2.939343937022 4.871210874988 1.230452893206 2.369899694743 -0.030652603361 0.179289498662 0.436995273634 1.160578950809 0.064669469782 -1.474040828244 -0.395234490443 -1.551385113152 -0.893916773729 -2.536687285364 2.250329926485 -0.233654804659 -3.731248966008 -2.160177832430 -1.885974630138 -0.714934173451 0.295628824514 0.230737466191 2.201678546209 -0.342025137419 -0.367488607808 
-0.000000000000 0.333333333333 -5.000000000000 0.706161137441 0.124238733252 29.893536121674 -0.638735865468 0.209902530737 1.523481817766 -3.224004049958 -0.900745226671 -1.055534270164 -0.071492470882 0.010331663598 0.518857118727 2.419916013928 0.588282525140 1.548309309047 0.837168822095 2.900338499494 1.778001740613 3.592851588695 -2.523366769987 0.345831167370 0.608736430040 -0.514485330232 -0.145148880937 0.114958103340 0.284459262869 0.053524471397 1.253620488241 -0.950407772710 -0.394891607108 
1.500000000000 -1.333333333333 11.000000000000 -1.616113744076 0.169305724726 -4.986058301648 -0.179311233530 -1.410269053160 8.717831529214 -2.055568916346 -0.136453486726 -0.288165364527 -1.686388758690 -1.709017960103 -0.685445392017 -1.244561431741 -0.204028248831 0.877857641994 -0.114649099601 1.673071971038 0.245809616114 1.198267952036 -1.088767120834 0.052821512730 1.350716419486 -1.222826541071 -0.781313512998 -5.456527796195 1.894878778855 1.304517801278 10.269784697895 -6.951252476751 -3.720443536386 
-1.000000000000 0.333333333333 -3.000000000000 0.431279620853 0.858099878197 28.688212927758 -0.616023968300 0.479803552921 -4.588318192071 1.125922192521 -0.027702624824 0.403282356467 0.243447492192 -0.188457985889 0.864511372895 3.810662310035 0.463675837900 1.237862000782 0.624181938984 1.196104623538 0.388852481206 -0.543087726976 0.532338160618 0.019996084347 -0.237549211972 -0.080181269363 -0.171104959471 -3.674202947441 0.777186377916 -0.726592044171 -3.597621787609 1.820181670417 1.484198671643 
0.500000000000 -2.000000000000 7.000000000000 -0.905213270142 -0.164433617540 -9.021546261090 0.099191392030 -0.569903257077 5.052683793789 -1.414263140014 0.123999193466 -1.612684433128 1.872576312720 3.305002987187 2.528084194015 6.613876412372 1.082328443215 2.409270640673 1.043419238560 3.109481477321 1.275567421063 5.587930363058 -4.124159748586 0.872969961704 0.863894928586 -0.160936144558 -0.155718414053 -2.324783243586 0.417841940358 0.525862236537 0.732781817893 -0.690348945784 -0.491757665217 
-2.500000000000 0.333333333333 -8.000000000000 1.175355450237 0.531059683313 2.790874524715 -0.004639025805 0.464433077531 -4.658321872101 6.036334742921 2.094594619043 -0.153207704288 2.465307606968 3.389966457999 1.837658287237 4.000609821057 0.502407828587 1.267098370354 0.784279752985 2.646319656552 1.815168981426 1.853933475776 -0.858210972642 0.312194435349 -0.017189892082 -0.733148574542 -0.521951893219 -10.409887359144 1.692247651858 1.628253261895 3.408892574800 1.433953779331 0.541548013545 
1.500000000000 -1.333333333333 10.000000000000 -1.450236966825 -0.311205846529 -22.515842839038 0.305434747592 -1.070658930213 5.705997771631 -0.456318560968 0.357128646509 -0.512802373553 0.318831658906 1.507537925123 0.078128527178 -1.179431003815 0.032519536669 0.530260511098 0.505249143847 1.015721485473 -1.911655435573 3.694931547987 -3.306872002159 1.130837725645 -0.061157695933 -1.011166383863 -0.798758220240 -7.683047342674 1.616817371352 1.848291751761 3.130239749595 1.748666701594 0.065015256487 
